Algorithm: PageRank
Damping: 0.85
Vertex ranks:
0 0.0867409
1 0.0838665
2 0.0858721
3 0.0855159
4 0.0858909
5 0.0856871
6 0.0857718
7 0.0851261
8 0.0852168
9 0.00470527
10 0.00343565
11 0.00388594
12 0.00146765
13 0.00263159
14 0.00140394
15 0.000472122
16 0.00180685
17 0.000857592
18 0.00217447
19 0.00261256
20 0.00159413
21 0.000521932
22 0.00195057
23 0.00100336
24 0.000183568
25 0.00242137
26 0.00169892
27 0.00133555
28 0.000397018
29 0.00209602
30 0.000353994
31 0.000477997
32 0.00057274
33 0.000532509
34 0.00015
35 0.000549735
36 0.000352329
37 0.000222776
38 0.000360921
39 0.00133243
40 0.000629629
41 0.00128748
42 0.000657506
43 0.00096918
44 0.000279501
45 0.000585006
46 0.000655893
47 0.00167745
48 0.000300314
49 0.000212282
50 0.000233074
51 0.00015
52 0.000165937
53 0.000924202
54 0.000625861
55 0.000295435
56 0.000706413
57 0.000212479
58 0.000619482
59 0.000847499
60 0.000957853
61 0.00047435
62 0.000479373
63 0.000192795
64 0.000169523
65 0.000306237
66 0.000258383
67 0.000183568
68 0.000252777
69 0.000281848
70 0.000755317
71 0.000165937
72 0.00015
73 0.000620921
74 0.000470458
75 0.000316851
76 0.000373625
77 0.0013834
78 0.000551897
79 0.000225963
80 0.00015
81 0.00015
82 0.000636538
83 0.000580578
84 0.000565108
85 0.000247446
86 0.000760534
87 0.000527124
88 0.00015
89 0.000402077
90 0.0012809
91 0.000167631
92 0.00037285
93 0.00015
94 0.000551239
95 0.000225783
96 0.000204592
97 0.000403219
98 0.000165937
99 0.00024537
100 0.000805167
101 0.000233821
102 0.000288447
103 0.000185262
104 0.000167631
105 0.000751204
106 0.00015
107 0.000165937
108 0.000209852
109 0.000373526
110 0.00027328
111 0.00023521
112 0.000235207
113 0.000403874
114 0.000314455
115 0.000349202
116 0.000171018
117 0.00015
118 0.00015
119 0.000265309
120 0.000272281
121 0.000167631
122 0.00015
123 0.000165937
124 0.00070118
125 0.000165937
126 0.00015
127 0.000201199
128 0.000219209
129 0.000392629
130 0.000169504
131 0.000169324
132 0.000165937
133 0.000165937
134 0.000328699
135 0.000165937
136 0.000197812
137 0.00015
138 0.000266822
139 0.000269713
140 0.000199448
141 0.000169703
142 0.000165937
143 0.000183568
144 0.000253574
145 0.000165937
146 0.000197812
147 0.000367603
148 0.000318401
149 0.00015
150 0.000197812
151 0.00031414
152 0.000289732
153 0.000245625
154 0.000338768
155 0.000303977
156 0.000233353
157 0.000171576
158 0.000270251
159 0.000172891
160 0.000363803
161 0.000457642
162 0.000176637
163 0.000317369
164 0.000637021
165 0.000183568
166 0.000263256
167 0.00015
168 0.000197812
169 0.000215443
170 0.000250705
171 0.000197812
172 0.00021919
173 0.000165937
174 0.00015
175 0.000318561
176 0.000315213
177 0.00015
178 0.000282067
179 0.000181875
180 0.00015
181 0.000199506
182 0.000272625
183 0.00021883
184 0.000236507
185 0.000289353
186 0.000256526
187 0.000174941
188 0.000264949
189 0.00021375
190 0.00015
191 0.000185262
192 0.000181875
193 0.00028258
194 0.00059193
195 0.000165937
196 0.00015
197 0.00015
198 0.00028802
199 0.000234735
200 0.000165937
201 0.000194107
202 0.000215443
203 0.000249211
204 0.000165937
205 0.000165937
206 0.000247318
207 0.000199506
208 0.000246621
209 0.00015
210 0.00015
211 0.000181875
212 0.000181875
213 0.000308858
214 0.000165937
215 0.000260071
216 0.000165937
217 0.000181875
218 0.000201559
219 0.00015
220 0.000224289
221 0.000247739
222 0.000447295
223 0.00015
224 0.000306984
225 0.000201823
226 0.00015
227 0.00015
228 0.00015
229 0.000165937
230 0.000247318
231 0.000187315
232 0.000197812
233 0.00015
234 0.000165937
235 0.00015
236 0.000197812
237 0.000197812
238 0.00016801
239 0.000167631
240 0.000302463
241 0.000229687
242 0.000220569
243 0.000227477
244 0.000165937
245 0.000284813
246 0.000165937
247 0.00015
248 0.00022989
249 0.00015
250 0.00015
251 0.000167631
252 0.00015
253 0.00015
254 0.00015
255 0.000364182
256 0.00015
257 0.00015
258 0.00015
259 0.000204586
260 0.000165937
261 0.000165937
262 0.000199506
263 0.00015
264 0.000169324
265 0.000185262
266 0.000236641
267 0.000203072
268 0.00015
269 0.00015
270 0.00017309
271 0.000181875
272 0.000250705
273 0.000165937
274 0.000315396
275 0.00015
276 0.000275109
277 0.000247379
278 0.00015
279 0.000247498
280 0.000171197
281 0.00015
282 0.00015
283 0.000236465
284 0.000199506
285 0.00015
286 0.000233296
287 0.00015
288 0.000234947
289 0.000183748
290 0.000165937
291 0.00023702
292 0.000200784
293 0.000321408
294 0.00015
295 0.000165937
296 0.00015
297 0.000253715
298 0.00015
299 0.000201379
300 0.000261562
301 0.000336012
302 0.000186955
303 0.00015
304 0.000245625
305 0.00015
306 0.000165937
307 0.000222397
308 0.000238732
309 0.00015
310 0.000165937
311 0.000301904
312 0.000165937
313 0.000181875
314 0.00015
315 0.000165937
316 0.000165937
317 0.00015
318 0.000249789
319 0.000265129
320 0.00015
321 0.000165937
322 0.000338387
323 0.000167631
324 0.00015
325 0.000185262
326 0.000201976
327 0.000165937
328 0.000165937
329 0.000183568
330 0.00015
331 0.000215443
332 0.000199506
333 0.000165937
334 0.000167811
335 0.00015
336 0.000235127
337 0.00015
338 0.000165937
339 0.000165937
340 0.00015
341 0.000197812
342 0.000165937
343 0.000292364
344 0.000203072
345 0.000165937
346 0.000185262
347 0.000199686
348 0.00015
349 0.000165937
350 0.000167631
351 0.00015
352 0.000165937
353 0.00015
354 0.00015
355 0.000165937
356 0.00015
357 0.000181875
358 0.000197812
359 0.000181875
360 0.000165937
361 0.00015
362 0.000165937
363 0.000311489
364 0.000252599
365 0.00015
366 0.00015
367 0.000183568
368 0.000183748
369 0.000181875
370 0.000185442
371 0.000165937
372 0.000169504
373 0.000197812
374 0.00015
375 0.000201379
376 0.000181875
377 0.00015
378 0.000245108
379 0.000165937
380 0.000181875
381 0.000165937
382 0.000337744
383 0.000165937
384 0.000201199
385 0.000167631
386 0.00015
387 0.000347852
388 0.00015
389 0.00015
390 0.000197812
391 0.000165937
392 0.000197812
393 0.000165937
394 0.000169324
395 0.000281067
396 0.000189188
397 0.000167631
398 0.000177971
399 0.00015
400 0.00015
401 0.000165937
402 0.000165937
403 0.000181875
404 0.00015
405 0.000247318
406 0.00021375
407 0.00015
408 0.000215623
409 0.00015
410 0.000165937
411 0.00015
412 0.00015
413 0.000167631
414 0.00015
415 0.00015
416 0.000185262
417 0.000181875
418 0.000165937
419 0.00015
420 0.00015
421 0.000181875
422 0.000165937
423 0.00015
424 0.000187135
425 0.00015
426 0.000183568
427 0.000197812
428 0.00015
429 0.00015
430 0.000340553
431 0.000165937
432 0.00015
433 0.000197812
434 0.000197812
435 0.00015
436 0.000181875
437 0.000165937
438 0.00015
439 0.00015
440 0.00015
441 0.00015
442 0.000185262
443 0.00015
444 0.00015
445 0.00015
446 0.000165937
447 0.00015
448 0.00015
449 0.000197812
450 0.00015
451 0.000165937
452 0.000234768
453 0.000167631
454 0.000181875
455 0.00015
456 0.000171377
457 0.000263256
458 0.000165937
459 0.000183568
460 0.000165937
461 0.00015
462 0.000201199
463 0.00015
464 0.000165937
465 0.00015
466 0.000165937
467 0.00015
468 0.000181875
469 0.000185442
470 0.00015
471 0.000169504
472 0.000165937
473 0.000165937
474 0.00015
475 0.00015
476 0.000181875
477 0.00015
478 0.000165937
479 0.00015
480 0.00015
481 0.000181875
482 0.00015
483 0.00015
484 0.00015
485 0.00015
486 0.00015
487 0.000169504
488 0.00015
489 0.00015
490 0.00015
491 0.00021883
492 0.00015
493 0.000199506
494 0.000197812
495 0.000226143
496 0.000181875
497 0.000197812
498 0.00015
499 0.00015
500 0.000165937
501 0.00015
502 0.000203072
503 0.00015
504 0.000199506
505 0.000165937
506 0.000183568
507 0.00015
508 0.00015
509 0.00015
510 0.00015
511 0.00015
512 0.00015
513 0.00015
514 0.00015
515 0.000165937
516 0.00015
517 0.00015
518 0.000167631
519 0.00015
520 0.00015
521 0.000165937
522 0.000199506
523 0.000165937
524 0.00015
525 0.00015
526 0.00015
527 0.00015
528 0.000183568
529 0.00015
530 0.00015
531 0.00015
532 0.000181875
533 0.000199506
534 0.00015
535 0.000183568
536 0.000181875
537 0.00015
538 0.000167631
539 0.00015
540 0.000167631
541 0.00015
542 0.00015
543 0.00015
544 0.00015
545 0.00015
546 0.00015
547 0.000183568
548 0.00015
549 0.000217137
550 0.00015
551 0.00015
552 0.00015
553 0.00015
554 0.000165937
555 0.00015
556 0.000181875
557 0.000181875
558 0.00015
559 0.000165937
560 0.00015
561 0.00015
562 0.000165937
563 0.00015
564 0.000181875
565 0.00015
566 0.00015
567 0.00015
568 0.00015
569 0.00015
570 0.000165937
571 0.00015
572 0.000165937
573 0.000199705
574 0.00015
575 0.000165937
576 0.00015
577 0.000215443
578 0.00015
579 0.000165937
580 0.000165937
581 0.00015
582 0.000165937
583 0.00015
584 0.00015
585 0.000167811
586 0.00015
587 0.00015
588 0.00015
589 0.000167631
590 0.000217317
591 0.000165937
592 0.00015
593 0.00015
594 0.00015
595 0.000183568
596 0.00015
597 0.000181875
598 0.000231381
599 0.00015
600 0.00015
601 0.00015
602 0.000181875
603 0.000165937
604 0.00015
605 0.00015
606 0.000181875
607 0.000183568
608 0.00015
609 0.000165937
610 0.000165937
611 0.00015
612 0.000165937
613 0.00015
614 0.00015
615 0.000165937
616 0.000171197
617 0.00015
618 0.00015
619 0.00015
620 0.00015
621 0.000181875
622 0.00015
623 0.00015
624 0.000165937
625 0.00015
626 0.000165937
627 0.00015
628 0.00015
629 0.000165937
630 0.00015
631 0.00015
632 0.00015
633 0.000165937
634 0.00015
635 0.00015
636 0.000165937
637 0.00015
638 0.000165937
639 0.000165937
640 0.00015
641 0.00015
642 0.00015
643 0.00015
644 0.00015
645 0.00015
646 0.00015
647 0.000165937
648 0.00015
649 0.00015
650 0.000181875
651 0.00015
652 0.000169504
653 0.00015
654 0.00015
655 0.00015
656 0.00015
657 0.000165937
658 0.000181875
659 0.00015
660 0.00015
661 0.00015
662 0.00015
663 0.00015
664 0.00015
665 0.00015
666 0.00015
667 0.00015
668 0.00015
669 0.00015
670 0.00015
671 0.000165937
672 0.00015
673 0.00015
674 0.000165937
675 0.00015
676 0.00015
677 0.00015
678 0.00015
679 0.00015
680 0.000167631
681 0.00015
682 0.00015
683 0.00015
684 0.00015
685 0.00015
686 0.00015
687 0.00015
688 0.00015
689 0.000171197
690 0.00015
691 0.00015
692 0.00015
693 0.000181875
694 0.000165937
695 0.00015
696 0.00015
697 0.00015
698 0.00015
699 0.00015
700 0.000169324
701 0.00015
702 0.00015
703 0.00015
704 0.00015
705 0.000165937
706 0.00015
707 0.00015
708 0.000165937
709 0.00015
710 0.00015
711 0.00015
712 0.00015
713 0.00015
714 0.00015
715 0.00015
716 0.000165937
717 0.00015
718 0.00015
719 0.00015
720 0.00015
721 0.00015
722 0.00015
723 0.00015
724 0.00015
725 0.00015
726 0.00015
727 0.000181875
728 0.000165937
729 0.000165937
730 0.00015
731 0.00015
732 0.00015
733 0.00015
734 0.00015
735 0.00015
736 0.00015
737 0.00015
738 0.000183568
739 0.000165937
740 0.00015
741 0.000183568
742 0.00015
743 0.00015
744 0.000165937
745 0.000181875
746 0.00015
747 0.000165937
748 0.00015
749 0.00015
750 0.000165937
751 0.00015
752 0.000169504
753 0.00015
754 0.000167631
755 0.00015
756 0.00015
757 0.000167631
758 0.00015
759 0.00015
760 0.00015
761 0.000183568
762 0.00015
763 0.00015
764 0.00015
765 0.00015
766 0.00015
767 0.00015
768 0.00015
769 0.00015
770 0.000165937
771 0.00015
772 0.00015
773 0.00015
774 0.00015
775 0.00015
776 0.00015
777 0.00015
778 0.00015
779 0.00015
780 0.00015
781 0.000165937
782 0.00015
783 0.00015
784 0.00015
785 0.00015
786 0.00015
787 0.00015
788 0.00015
789 0.00015
790 0.00015
791 0.00015
792 0.00015
793 0.00015
794 0.00015
795 0.000181875
796 0.00015
797 0.000181875
798 0.00015
799 0.00015
800 0.00015
801 0.00015
802 0.00015
803 0.000167631
804 0.00015
805 0.000165937
806 0.00015
807 0.00015
808 0.00015
809 0.00015
810 0.000167631
811 0.00015
812 0.00015
813 0.00015
814 0.00015
815 0.00015
816 0.00015
817 0.00015
818 0.000165937
819 0.00015
820 0.00015
821 0.00015
822 0.00015
823 0.00015
824 0.00015
825 0.00015
826 0.00015
827 0.00015
828 0.00015
829 0.00015
830 0.00015
831 0.00015
832 0.00015
833 0.00015
834 0.00015
835 0.000165937
836 0.00015
837 0.00015
838 0.00015
839 0.00015
840 0.00015
841 0.00015
842 0.00015
843 0.00015
844 0.000165937
845 0.00015
846 0.00015
847 0.00015
848 0.00015
849 0.00015
850 0.00015
851 0.00015
852 0.00015
853 0.00015
854 0.000181875
855 0.000165937
856 0.00015
857 0.00015
858 0.00015
859 0.00015
860 0.00015
861 0.00015
862 0.00015
863 0.00015
864 0.00015
865 0.00015
866 0.00015
867 0.00015
868 0.00015
869 0.00015
870 0.000165937
871 0.00015
872 0.000165937
873 0.00015
874 0.00015
875 0.00015
876 0.00015
877 0.00015
878 0.00015
879 0.00015
880 0.00015
881 0.00015
882 0.00015
883 0.00015
884 0.00015
885 0.00015
886 0.00015
887 0.00015
888 0.00015
889 0.00015
890 0.00015
891 0.00015
892 0.00015
893 0.000165937
894 0.00015
895 0.00015
896 0.00015
897 0.00015
898 0.00015
899 0.00015
900 0.00015
901 0.00015
902 0.000165937
903 0.00015
904 0.00015
905 0.00015
906 0.00015
907 0.00015
908 0.00015
909 0.00015
910 0.00015
911 0.00015
912 0.000199506
913 0.00015
914 0.00015
915 0.000165937
916 0.000165937
917 0.00015
918 0.000165937
919 0.00015
920 0.00015
921 0.00015
922 0.00015
923 0.00015
924 0.000165937
925 0.00015
926 0.00015
927 0.00015
928 0.00015
929 0.00015
930 0.000165937
931 0.00015
932 0.00015
933 0.00015
934 0.00015
935 0.00015
936 0.000165937
937 0.00015
938 0.00015
939 0.00015
940 0.00015
941 0.00015
942 0.00015
943 0.00015
944 0.00015
945 0.00015
946 0.00015
947 0.00015
948 0.00015
949 0.00015
950 0.00015
951 0.00015
952 0.00015
953 0.00015
954 0.00015
955 0.00015
956 0.00015
957 0.00015
958 0.00015
959 0.00015
960 0.00015
961 0.00015
962 0.00015
963 0.00015
964 0.00015
965 0.00015
966 0.00015
967 0.00015
968 0.00015
969 0.00015
970 0.00015
971 0.00015
972 0.00015
973 0.00015
974 0.00015
975 0.00015
976 0.00015
977 0.00015
978 0.00015
979 0.00015
980 0.00015
981 0.00015
982 0.00015
983 0.00015
984 0.00015
985 0.00015
986 0.00015
987 0.00015
988 0.00015
989 0.00015
990 0.00015
991 0.00015
992 0.00015
993 0.00015
994 0.00015
995 0.00015
996 0.00015
997 0.00015
998 0.00015
999 0.00015
Sum of ranks: 1.00001
Iterations: 8
Converged: True
Execution time: 2 ms