Algorithm: Greedy Vertex Coloring
Vertex colors:
0 1
1 0
2 4
3 6
4 2
5 3
6 1
7 0
8 0
9 2
10 4
11 0
12 4
13 3
14 0
15 2
16 5
17 2
18 0
19 0
20 5
21 2
22 5
23 5
24 4
25 0
26 5
27 3
28 1
29 1
30 1
31 5
32 2
33 4
34 0
35 2
36 0
37 0
38 1
39 2
40 2
41 1
42 0
43 3
44 2
45 1
46 3
47 2
48 3
49 2
50 1
51 2
52 3
53 1
54 5
55 4
56 2
57 7
58 2
59 3
60 3
61 2
62 1
63 3
64 4
65 1
66 1
67 4
68 4
69 0
70 0
71 1
72 3
73 1
74 2
75 2
76 4
77 0
78 1
79 2
80 2
81 6
82 5
83 0
84 0
85 1
86 3
87 1
88 3
89 5
90 1
91 0
92 1
93 5
94 3
95 5
96 2
97 5
98 0
99 1
100 5
101 1
102 4
103 3
104 2
105 4
106 3
107 5
108 4
109 1
110 1
111 5
112 1
113 3
114 1
115 0
116 2
117 3
118 2
119 4
120 4
121 4
122 1
123 0
124 3
125 3
126 0
127 1
128 2
129 3
130 0
131 0
132 2
133 0
134 3
135 2
136 5
137 2
138 1
139 1
140 0
141 2
142 1
143 5
144 5
145 3
146 1
147 1
148 2
149 0
150 2
151 0
152 6
153 3
154 3
155 1
156 3
157 2
158 1
159 1
160 5
161 5
162 0
163 3
164 0
165 1
166 0
167 1
168 3
169 3
170 4
171 3
172 1
173 0
174 1
175 2
176 2
177 3
178 4
179 1
180 0
181 4
182 1
183 2
184 4
185 2
186 4
187 1
188 0
189 4
190 1
191 1
192 0
193 1
194 1
195 2
196 1
197 0
198 2
199 5
200 2
201 1
202 5
203 2
204 3
205 0
206 1
207 3
208 2
209 3
210 2
211 3
212 4
213 4
214 3
215 3
216 1
217 5
218 1
219 3
220 4
221 3
222 0
223 5
224 7
225 3
226 2
227 0
228 0
229 3
230 0
231 5
232 1
233 1
234 4
235 3
236 4
237 0
238 0
239 2
240 4
241 1
242 3
243 3
244 2
245 2
246 3
247 0
248 1
249 5
250 2
251 0
252 0
253 4
254 0
255 2
256 1
257 4
258 0
259 2
260 3
261 3
262 4
263 5
264 5
265 1
266 2
267 3
268 1
269 3
270 0
271 1
272 5
273 0
274 0
275 0
276 3
277 3
278 3
279 0
280 2
281 2
282 5
283 5
284 2
285 4
286 1
287 4
288 1
289 0
290 2
291 4
292 3
293 1
294 4
295 2
296 1
297 0
298 1
299 1
300 0
301 1
302 1
303 2
304 1
305 2
306 1
307 3
308 3
309 2
310 5
311 2
312 3
313 4
314 1
315 1
316 4
317 4
318 0
319 5
320 3
321 2
322 2
323 5
324 4
325 1
326 1
327 5
328 2
329 0
330 3
331 1
332 0
333 2
334 5
335 2
336 0
337 1
338 2
339 3
340 2
341 5
342 3
343 0
344 3
345 0
346 4
347 2
348 2
349 3
350 2
351 4
352 4
353 3
354 1
355 2
356 1
357 0
358 1
359 6
360 5
361 5
362 2
363 0
364 2
365 0
366 0
367 1
368 0
369 1
370 4
371 2
372 5
373 1
374 2
375 3
376 2
377 2
378 2
379 0
380 2
381 0
382 0
383 2
384 1
385 1
386 0
387 3
388 5
389 0
390 1
391 1
392 0
393 1
394 1
395 4
396 1
397 3
398 0
399 3
400 0
401 0
402 5
403 3
404 0
405 4
406 1
407 3
408 1
409 3
410 4
411 0
412 4
413 2
414 4
415 1
416 2
417 5
418 2
419 0
420 3
421 1
422 5
423 1
424 4
425 1
426 4
427 2
428 3
429 0
430 6
431 0
432 3
433 3
434 1
435 5
436 0
437 6
438 4
439 2
440 0
441 4
442 4
443 0
444 3
445 3
446 3
447 2
448 3
449 5
450 2
451 3
452 0
453 0
454 4
455 2
456 4
457 0
458 0
459 1
460 3
461 1
462 5
463 5
464 5
465 5
466 6
467 1
468 5
469 0
470 2
471 2
472 4
473 3
474 0
475 5
476 5
477 4
478 1
479 2
480 1
481 0
482 3
483 0
484 2
485 4
486 3
487 1
488 2
489 1
490 1
491 4
492 3
493 0
494 1
495 2
496 2
497 0
498 5
499 2
500 1
501 3
502 2
503 1
504 2
505 4
506 0
507 2
508 3
509 6
510 3
511 5
512 4
513 0
514 1
515 1
516 1
517 4
518 3
519 3
520 4
521 3
522 4
523 2
524 0
525 1
526 0
527 3
528 0
529 2
530 4
531 2
532 4
533 0
534 3
535 0
536 4
537 1
538 2
539 3
540 5
541 3
542 1
543 2
544 2
545 5
546 5
547 4
548 0
549 1
550 1
551 3
552 4
553 1
554 0
555 0
556 2
557 1
558 4
559 3
560 0
561 4
562 4
563 2
564 4
565 2
566 1
567 1
568 5
569 1
570 0
571 1
572 5
573 0
574 5
575 2
576 0
577 1
578 2
579 1
580 0
581 0
582 5
583 4
584 0
585 5
586 0
587 0
588 2
589 0
590 3
591 0
592 1
593 0
594 0
595 2
596 4
597 4
598 3
599 2
600 4
601 1
602 0
603 3
604 3
605 2
606 4
607 0
608 3
609 3
610 3
611 0
612 2
613 2
614 0
615 3
616 2
617 1
618 2
619 2
620 1
621 1
622 3
623 4
624 4
625 3
626 4
627 2
628 2
629 0
630 2
631 3
632 0
633 3
634 2
635 2
636 1
637 0
638 3
639 1
640 2
641 0
642 1
643 1
644 5
645 1
646 0
647 4
648 1
649 1
650 2
651 0
652 1
653 6
654 0
655 1
656 4
657 0
658 1
659 0
660 4
661 1
662 0
663 1
664 5
665 1
666 2
667 4
668 3
669 1
670 0
671 0
672 0
673 2
674 2
675 5
676 0
677 3
678 2
679 2
680 2
681 0
682 1
683 5
684 0
685 2
686 1
687 1
688 2
689 3
690 4
691 4
692 4
693 1
694 0
695 0
696 0
697 0
698 0
699 2
700 0
701 4
702 2
703 2
704 2
705 0
706 2
707 3
708 4
709 1
710 6
711 1
712 2
713 3
714 0
715 1
716 4
717 1
718 2
719 4
720 4
721 1
722 2
723 3
724 4
725 1
726 4
727 2
728 5
729 5
730 2
731 2
732 2
733 1
734 2
735 3
736 2
737 1
738 3
739 0
740 2
741 2
742 4
743 0
744 1
745 6
746 5
747 1
748 4
749 0
750 2
751 0
752 0
753 3
754 2
755 4
756 4
757 6
758 2
759 2
760 1
761 2
762 2
763 3
764 1
765 4
766 2
767 2
768 2
769 0
770 3
771 0
772 1
773 2
774 1
775 2
776 1
777 3
778 0
779 3
780 0
781 0
782 0
783 4
784 0
785 2
786 2
787 4
788 0
789 2
790 0
791 0
792 1
793 0
794 3
795 0
796 2
797 1
798 6
799 4
800 4
801 5
802 4
803 1
804 1
805 4
806 4
807 5
808 4
809 4
810 0
811 3
812 1
813 2
814 2
815 2
816 3
817 2
818 4
819 0
820 0
821 5
822 3
823 0
824 4
825 3
826 3
827 2
828 0
829 0
830 1
831 2
832 3
833 4
834 1
835 1
836 5
837 3
838 4
839 4
840 1
841 2
842 4
843 5
844 3
845 2
846 1
847 4
848 4
849 1
850 4
851 5
852 5
853 4
854 1
855 3
856 3
857 2
858 0
859 3
860 4
861 0
862 0
863 2
864 0
865 5
866 0
867 0
868 0
869 2
870 3
871 0
872 3
873 2
874 3
875 1
876 4
877 2
878 3
879 3
880 2
881 0
882 0
883 3
884 2
885 1
886 1
887 0
888 2
889 5
890 0
891 0
892 0
893 2
894 1
895 3
896 0
897 1
898 0
899 0
900 6
901 3
902 1
903 3
904 3
905 2
906 1
907 2
908 3
909 1
910 2
911 3
912 4
913 0
914 1
915 4
916 2
917 1
918 2
919 4
920 0
921 3
922 2
923 2
924 0
925 4
926 0
927 1
928 0
929 4
930 2
931 3
932 2
933 4
934 3
935 0
936 2
937 4
938 5
939 1
940 2
941 1
942 1
943 0
944 3
945 3
946 1
947 2
948 2
949 0
950 1
951 2
952 1
953 0
954 4
955 1
956 3
957 4
958 3
959 2
960 3
961 0
962 4
963 2
964 0
965 1
966 1
967 3
968 1
969 4
970 3
971 0
972 0
973 1
974 0
975 2
976 3
977 2
978 2
979 4
980 0
981 6
982 3
983 1
984 2
985 0
986 2
987 2
988 0
989 1
990 3
991 4
992 4
993 0
994 0
995 5
996 5
997 2
998 3
999 3
1000 3
1001 2
1002 3
1003 2
1004 0
1005 0
1006 2
1007 3
1008 1
1009 0
1010 0
1011 4
1012 4
1013 0
1014 0
1015 5
1016 0
1017 5
1018 4
1019 2
1020 3
1021 3
1022 2
1023 0
1024 1
1025 0
1026 2
1027 0
1028 0
1029 1
1030 2
1031 0
1032 4
1033 0
1034 0
1035 3
1036 3
1037 3
1038 1
1039 1
1040 4
1041 5
1042 0
1043 3
1044 2
1045 2
1046 1
1047 1
1048 3
1049 4
1050 4
1051 2
1052 3
1053 4
1054 0
1055 1
1056 1
1057 2
1058 1
1059 2
1060 5
1061 5
1062 3
1063 1
1064 0
1065 0
1066 1
1067 4
1068 3
1069 0
1070 5
1071 1
1072 3
1073 1
1074 1
1075 4
1076 2
1077 3
1078 4
1079 0
1080 4
1081 5
1082 4
1083 4
1084 4
1085 3
1086 3
1087 0
1088 1
1089 1
1090 3
1091 0
1092 0
1093 2
1094 0
1095 0
1096 1
1097 0
1098 3
1099 3
1100 3
1101 4
1102 2
1103 5
1104 2
1105 6
1106 2
1107 4
1108 0
1109 4
1110 5
1111 0
1112 2
1113 5
1114 3
1115 2
1116 1
1117 2
1118 1
1119 4
1120 3
1121 0
1122 3
1123 2
1124 3
1125 4
1126 2
1127 0
1128 1
1129 0
1130 1
1131 4
1132 3
1133 2
1134 3
1135 0
1136 6
1137 2
1138 1
1139 1
1140 1
1141 3
1142 4
1143 3
1144 5
1145 0
1146 0
1147 4
1148 5
1149 3
1150 0
1151 2
1152 0
1153 4
1154 0
1155 0
1156 1
1157 5
1158 2
1159 1
1160 0
1161 5
1162 5
1163 4
1164 4
1165 3
1166 5
1167 2
1168 2
1169 0
1170 3
1171 0
1172 4
1173 0
1174 2
1175 3
1176 1
1177 1
1178 4
1179 3
1180 2
1181 3
1182 5
1183 3
1184 0
1185 1
1186 2
1187 0
1188 2
1189 0
1190 5
1191 2
1192 0
1193 2
1194 2
1195 1
1196 1
1197 1
1198 4
1199 1
1200 0
1201 1
1202 3
1203 4
1204 5
1205 1
1206 3
1207 2
1208 4
1209 4
1210 4
1211 0
1212 5
1213 1
1214 3
1215 1
1216 4
1217 0
1218 2
1219 4
1220 0
1221 5
1222 1
1223 3
1224 2
1225 1
1226 2
1227 4
1228 0
1229 0
1230 1
1231 0
1232 3
1233 2
1234 2
1235 2
1236 0
1237 0
1238 4
1239 2
1240 0
1241 3
1242 5
1243 1
1244 2
1245 2
1246 2
1247 2
1248 1
1249 3
1250 0
1251 0
1252 0
1253 0
1254 0
1255 2
1256 2
1257 1
1258 3
1259 4
1260 2
1261 1
1262 4
1263 2
1264 1
1265 1
1266 1
1267 0
1268 3
1269 2
1270 1
1271 2
1272 7
1273 3
1274 4
1275 3
1276 4
1277 2
1278 4
1279 2
1280 1
1281 5
1282 4
1283 2
1284 0
1285 4
1286 3
1287 1
1288 1
1289 2
1290 2
1291 3
1292 0
1293 4
1294 0
1295 1
1296 1
1297 2
1298 2
1299 3
1300 1
1301 4
1302 4
1303 2
1304 4
1305 1
1306 4
1307 0
1308 0
1309 1
1310 1
1311 0
1312 1
1313 4
1314 3
1315 3
1316 2
1317 2
1318 1
1319 4
1320 4
1321 1
1322 1
1323 5
1324 2
1325 3
1326 3
1327 0
1328 4
1329 4
1330 3
1331 0
1332 1
1333 2
1334 0
1335 5
1336 4
1337 1
1338 0
1339 3
1340 2
1341 4
1342 1
1343 0
1344 4
1345 2
1346 1
1347 2
1348 0
1349 0
1350 4
1351 3
1352 3
1353 1
1354 2
1355 1
1356 0
1357 3
1358 1
1359 2
1360 0
1361 1
1362 0
1363 6
1364 1
1365 1
1366 0
1367 0
1368 5
1369 3
1370 1
1371 5
1372 1
1373 1
1374 1
1375 0
1376 0
1377 1
1378 0
1379 1
1380 0
1381 3
1382 1
1383 0
1384 1
1385 2
1386 1
1387 4
1388 3
1389 0
1390 3
1391 3
1392 4
1393 6
1394 4
1395 1
1396 0
1397 3
1398 1
1399 3
1400 3
1401 3
1402 5
1403 3
1404 3
1405 4
1406 3
1407 1
1408 4
1409 4
1410 1
1411 3
1412 0
1413 2
1414 2
1415 1
1416 1
1417 0
1418 0
1419 4
1420 1
1421 5
1422 1
1423 1
1424 2
1425 1
1426 4
1427 2
1428 0
1429 1
1430 2
1431 1
1432 4
1433 2
1434 4
1435 5
1436 4
1437 0
1438 2
1439 5
1440 2
1441 3
1442 3
1443 0
1444 4
1445 0
1446 0
1447 4
1448 0
1449 0
1450 3
1451 2
1452 2
1453 1
1454 5
1455 2
1456 0
1457 5
1458 1
1459 1
1460 3
1461 2
1462 3
1463 3
1464 2
1465 0
1466 0
1467 5
1468 3
1469 5
1470 0
1471 4
1472 1
1473 1
1474 3
1475 2
1476 0
1477 4
1478 2
1479 0
1480 2
1481 4
1482 4
1483 0
1484 3
1485 2
1486 0
1487 0
1488 5
1489 4
1490 5
1491 2
1492 0
1493 0
1494 4
1495 3
1496 2
1497 1
1498 3
1499 2
1500 3
1501 3
1502 4
1503 0
1504 2
1505 1
1506 3
1507 4
1508 1
1509 4
1510 2
1511 1
1512 3
1513 4
1514 2
1515 3
1516 0
1517 0
1518 5
1519 0
1520 1
1521 3
1522 1
1523 3
1524 2
1525 3
1526 3
1527 3
1528 3
1529 3
1530 5
1531 0
1532 5
1533 2
1534 3
1535 5
1536 3
1537 4
1538 3
1539 0
1540 5
1541 3
1542 1
1543 1
1544 5
1545 3
1546 4
1547 2
1548 2
1549 3
1550 4
1551 5
1552 1
1553 4
1554 5
1555 0
1556 0
1557 2
1558 5
1559 3
1560 4
1561 4
1562 3
1563 0
1564 1
1565 1
1566 5
1567 3
1568 4
1569 2
1570 0
1571 3
1572 3
1573 2
1574 3
1575 0
1576 5
1577 0
1578 2
1579 5
1580 2
1581 2
1582 3
1583 1
1584 1
1585 0
1586 1
1587 3
1588 5
1589 4
1590 0
1591 3
1592 1
1593 1
1594 0
1595 3
1596 3
1597 0
1598 2
1599 1
1600 3
1601 4
1602 0
1603 2
1604 1
1605 4
1606 2
1607 5
1608 1
1609 1
1610 0
1611 2
1612 3
1613 2
1614 1
1615 0
1616 3
1617 3
1618 1
1619 1
1620 3
1621 0
1622 2
1623 4
1624 4
1625 0
1626 0
1627 3
1628 1
1629 2
1630 0
1631 1
1632 5
1633 2
1634 0
1635 0
1636 4
1637 3
1638 1
1639 1
1640 1
1641 1
1642 0
1643 0
1644 2
1645 0
1646 0
1647 2
1648 0
1649 1
1650 1
1651 1
1652 0
1653 2
1654 2
1655 4
1656 5
1657 6
1658 5
1659 4
1660 4
1661 3
1662 5
1663 2
1664 5
1665 1
1666 0
1667 3
1668 0
1669 6
1670 3
1671 4
1672 2
1673 5
1674 4
1675 0
1676 2
1677 2
1678 3
1679 1
1680 0
1681 0
1682 1
1683 0
1684 2
1685 0
1686 4
1687 1
1688 0
1689 1
1690 3
1691 3
1692 3
1693 5
1694 3
1695 2
1696 0
1697 6
1698 3
1699 3
1700 4
1701 4
1702 4
1703 0
1704 2
1705 6
1706 2
1707 1
1708 5
1709 3
1710 0
1711 2
1712 2
1713 2
1714 1
1715 3
1716 1
1717 3
1718 6
1719 1
1720 0
1721 2
1722 1
1723 5
1724 1
1725 0
1726 5
1727 2
1728 1
1729 3
1730 4
1731 3
1732 1
1733 3
1734 4
1735 1
1736 3
1737 1
1738 1
1739 5
1740 1
1741 5
1742 2
1743 4
1744 1
1745 3
1746 5
1747 4
1748 5
1749 4
1750 3
1751 1
1752 4
1753 1
1754 2
1755 1
1756 0
1757 3
1758 2
1759 1
1760 0
1761 4
1762 2
1763 3
1764 6
1765 2
1766 5
1767 2
1768 1
1769 5
1770 4
1771 0
1772 2
1773 0
1774 6
1775 2
1776 1
1777 1
1778 3
1779 3
1780 4
1781 2
1782 1
1783 1
1784 3
1785 2
1786 2
1787 4
1788 2
1789 4
1790 2
1791 0
1792 0
1793 1
1794 3
1795 4
1796 1
1797 2
1798 3
1799 3
1800 4
1801 3
1802 2
1803 0
1804 4
1805 3
1806 2
1807 3
1808 2
1809 3
1810 0
1811 3
1812 3
1813 0
1814 3
1815 2
1816 2
1817 4
1818 5
1819 1
1820 2
1821 3
1822 4
1823 4
1824 2
1825 4
1826 1
1827 1
1828 2
1829 4
1830 6
1831 2
1832 0
1833 3
1834 4
1835 2
1836 2
1837 1
1838 4
1839 0
1840 0
1841 2
1842 4
1843 4
1844 0
1845 3
1846 0
1847 0
1848 3
1849 0
1850 1
1851 3
1852 2
1853 2
1854 0
1855 1
1856 0
1857 1
1858 4
1859 6
1860 1
1861 0
1862 3
1863 2
1864 2
1865 3
1866 4
1867 1
1868 2
1869 4
1870 1
1871 1
1872 2
1873 2
1874 3
1875 4
1876 5
1877 4
1878 4
1879 3
1880 5
1881 3
1882 1
1883 2
1884 2
1885 1
1886 1
1887 1
1888 2
1889 3
1890 2
1891 0
1892 2
1893 5
1894 0
1895 4
1896 0
1897 1
1898 2
1899 4
1900 0
1901 0
1902 2
1903 4
1904 2
1905 4
1906 2
1907 3
1908 5
1909 4
1910 1
1911 3
1912 0
1913 2
1914 5
1915 5
1916 3
1917 2
1918 1
1919 1
1920 2
1921 1
1922 2
1923 0
1924 2
1925 4
1926 5
1927 2
1928 5
1929 0
1930 2
1931 1
1932 4
1933 3
1934 6
1935 0
1936 1
1937 5
1938 2
1939 4
1940 5
1941 6
1942 0
1943 2
1944 0
1945 5
1946 5
1947 1
1948 0
1949 0
1950 1
1951 4
1952 0
1953 3
1954 1
1955 1
1956 0
1957 3
1958 5
1959 5
1960 4
1961 1
1962 2
1963 0
1964 2
1965 5
1966 4
1967 4
1968 5
1969 1
1970 5
1971 3
1972 1
1973 2
1974 4
1975 6
1976 3
1977 1
1978 1
1979 3
1980 2
1981 2
1982 1
1983 1
1984 3
1985 0
1986 0
1987 0
1988 3
1989 4
1990 0
1991 3
1992 1
1993 3
1994 0
1995 0
1996 3
1997 0
1998 2
1999 3
2000 3
2001 3
2002 3
2003 3
2004 3
2005 0
2006 0
2007 2
2008 1
2009 3
2010 3
2011 2
2012 0
2013 4
2014 3
2015 1
2016 2
2017 1
2018 0
2019 1
2020 2
2021 0
2022 1
2023 3
2024 1
2025 3
2026 1
2027 3
2028 1
2029 0
2030 3
2031 1
2032 0
2033 3
2034 1
2035 4
2036 3
2037 0
2038 2
2039 4
2040 6
2041 3
2042 5
2043 4
2044 5
2045 0
2046 4
2047 0
2048 1
2049 3
2050 5
2051 1
2052 0
2053 1
2054 0
2055 3
2056 1
2057 2
2058 0
2059 1
2060 3
2061 4
2062 1
2063 1
2064 1
2065 2
2066 0
2067 2
2068 5
2069 0
2070 3
2071 1
2072 4
2073 4
2074 0
2075 4
2076 1
2077 2
2078 2
2079 0
2080 6
2081 1
2082 2
2083 2
2084 1
2085 0
2086 2
2087 2
2088 0
2089 6
2090 3
2091 2
2092 1
2093 1
2094 1
2095 5
2096 0
2097 4
2098 5
2099 5
2100 0
2101 5
2102 3
2103 0
2104 0
2105 4
2106 1
2107 3
2108 2
2109 4
2110 5
2111 5
2112 2
2113 3
2114 2
2115 0
2116 3
2117 4
2118 3
2119 2
2120 4
2121 3
2122 0
2123 1
2124 0
2125 0
2126 1
2127 0
2128 0
2129 0
2130 5
2131 4
2132 1
2133 1
2134 2
2135 3
2136 0
2137 1
2138 4
2139 1
2140 4
2141 0
2142 1
2143 1
2144 0
2145 1
2146 4
2147 4
2148 4
2149 5
2150 3
2151 4
2152 5
2153 4
2154 3
2155 3
2156 1
2157 1
2158 2
2159 4
2160 1
2161 2
2162 1
2163 2
2164 0
2165 3
2166 3
2167 3
2168 0
2169 5
2170 2
2171 0
2172 4
2173 3
2174 4
2175 0
2176 0
2177 3
2178 1
2179 3
2180 3
2181 2
2182 3
2183 0
2184 1
2185 1
2186 2
2187 4
2188 3
2189 4
2190 1
2191 4
2192 2
2193 4
2194 4
2195 1
2196 2
2197 2
2198 5
2199 1
2200 0
2201 0
2202 5
2203 4
2204 3
2205 0
2206 0
2207 2
2208 5
2209 1
2210 1
2211 1
2212 4
2213 3
2214 4
2215 0
2216 4
2217 4
2218 4
2219 4
2220 4
2221 1
2222 0
2223 2
2224 1
2225 5
2226 2
2227 0
2228 2
2229 2
2230 0
2231 3
2232 1
2233 4
2234 2
2235 4
2236 4
2237 3
2238 0
2239 0
2240 2
2241 4
2242 3
2243 0
2244 4
2245 1
2246 2
2247 1
2248 3
2249 0
2250 2
2251 1
2252 3
2253 1
2254 5
2255 1
2256 3
2257 0
2258 3
2259 3
2260 3
2261 5
2262 4
2263 0
2264 0
2265 1
2266 0
2267 1
2268 0
2269 0
2270 3
2271 4
2272 0
2273 2
2274 0
2275 2
2276 2
2277 0
2278 2
2279 0
2280 1
2281 5
2282 3
2283 5
2284 3
2285 1
2286 2
2287 2
2288 0
2289 2
2290 1
2291 1
2292 2
2293 2
2294 4
2295 1
2296 2
2297 5
2298 0
2299 3
2300 2
2301 1
2302 2
2303 1
2304 3
2305 0
2306 1
2307 2
2308 1
2309 1
2310 1
2311 3
2312 2
2313 2
2314 2
2315 3
2316 2
2317 4
2318 3
2319 2
2320 3
2321 3
2322 4
2323 3
2324 0
2325 2
2326 3
2327 4
2328 3
2329 0
2330 0
2331 4
2332 1
2333 2
2334 4
2335 0
2336 0
2337 0
2338 1
2339 0
2340 4
2341 4
2342 0
2343 2
2344 4
2345 0
2346 2
2347 3
2348 2
2349 5
2350 0
2351 2
2352 1
2353 0
2354 0
2355 1
2356 0
2357 2
2358 2
2359 0
2360 4
2361 4
2362 1
2363 3
2364 0
2365 1
2366 0
2367 2
2368 1
2369 1
2370 6
2371 0
2372 2
2373 4
2374 5
2375 3
2376 0
2377 2
2378 1
2379 3
2380 1
2381 4
2382 4
2383 3
2384 0
2385 2
2386 1
2387 3
2388 3
2389 1
2390 3
2391 6
2392 0
2393 3
2394 3
2395 5
2396 5
2397 1
2398 4
2399 1
2400 4
2401 2
2402 2
2403 0
2404 3
2405 0
2406 4
2407 1
2408 2
2409 4
2410 1
2411 3
2412 2
2413 3
2414 0
2415 0
2416 0
2417 2
2418 5
2419 3
2420 1
2421 1
2422 3
2423 5
2424 0
2425 2
2426 2
2427 0
2428 0
2429 3
2430 4
2431 4
2432 5
2433 2
2434 1
2435 4
2436 2
2437 2
2438 1
2439 2
2440 4
2441 4
2442 0
2443 4
2444 0
2445 2
2446 4
2447 0
2448 6
2449 1
2450 3
2451 1
2452 1
2453 1
2454 1
2455 2
2456 1
2457 4
2458 5
2459 0
2460 2
2461 1
2462 5
2463 0
2464 2
2465 2
2466 4
2467 3
2468 4
2469 2
2470 1
2471 6
2472 1
2473 3
2474 3
2475 3
2476 4
2477 2
2478 3
2479 0
2480 2
2481 4
2482 2
2483 0
2484 5
2485 4
2486 3
2487 1
2488 1
2489 2
2490 1
2491 5
2492 5
2493 6
2494 0
2495 3
2496 3
2497 0
2498 5
2499 0
2500 2
2501 2
2502 4
2503 1
2504 1
2505 1
2506 6
2507 2
2508 0
2509 0
2510 0
2511 4
2512 1
2513 0
2514 0
2515 4
2516 5
2517 5
2518 0
2519 0
2520 3
2521 1
2522 2
2523 5
2524 1
2525 0
2526 5
2527 2
2528 0
2529 1
2530 0
2531 5
2532 5
2533 5
2534 2
2535 5
2536 2
2537 0
2538 2
2539 3
2540 1
2541 4
2542 1
2543 5
2544 4
2545 1
2546 2
2547 1
2548 2
2549 3
2550 1
2551 4
2552 0
2553 2
2554 5
2555 5
2556 3
2557 1
2558 0
2559 0
2560 0
2561 3
2562 2
2563 3
2564 4
2565 2
2566 5
2567 3
2568 4
2569 0
2570 1
2571 4
2572 0
2573 1
2574 2
2575 3
2576 5
2577 5
2578 0
2579 1
2580 4
2581 0
2582 1
2583 1
2584 1
2585 2
2586 0
2587 2
2588 3
2589 4
2590 3
2591 0
2592 5
2593 2
2594 2
2595 4
2596 4
2597 2
2598 5
2599 1
2600 1
2601 3
2602 0
2603 2
2604 0
2605 1
2606 4
2607 1
2608 3
2609 5
2610 5
2611 1
2612 0
2613 0
2614 2
2615 3
2616 1
2617 0
2618 4
2619 3
2620 6
2621 0
2622 1
2623 5
2624 5
2625 2
2626 1
2627 4
2628 5
2629 4
2630 0
2631 0
2632 2
2633 0
2634 5
2635 5
2636 3
2637 0
2638 1
2639 3
2640 0
2641 0
2642 3
2643 1
2644 1
2645 0
2646 3
2647 3
2648 0
2649 0
2650 4
2651 1
2652 3
2653 2
2654 1
2655 1
2656 5
2657 0
2658 2
2659 2
2660 4
2661 3
2662 4
2663 3
2664 0
2665 1
2666 2
2667 5
2668 3
2669 0
2670 2
2671 1
2672 2
2673 4
2674 3
2675 3
2676 2
2677 4
2678 3
2679 0
2680 5
2681 0
2682 1
2683 1
2684 0
2685 0
2686 3
2687 4
2688 5
2689 1
2690 0
2691 1
2692 1
2693 2
2694 4
2695 4
2696 0
2697 4
2698 2
2699 0
2700 4
2701 1
2702 2
2703 1
2704 6
2705 2
2706 0
2707 2
2708 3
2709 2
2710 1
2711 5
2712 1
2713 0
2714 4
2715 5
2716 2
2717 0
2718 6
2719 0
2720 0
2721 0
2722 2
2723 1
2724 0
2725 1
2726 0
2727 3
2728 1
2729 1
2730 0
2731 3
2732 3
2733 3
2734 0
2735 3
2736 2
2737 1
2738 4
2739 2
2740 3
2741 2
2742 3
2743 1
2744 4
2745 5
2746 2
2747 2
2748 0
2749 2
2750 2
2751 3
2752 2
2753 4
2754 1
2755 5
2756 1
2757 3
2758 3
2759 0
2760 2
2761 0
2762 4
2763 1
2764 5
2765 5
2766 4
2767 2
2768 4
2769 0
2770 4
2771 4
2772 2
2773 0
2774 0
2775 2
2776 2
2777 3
2778 1
2779 5
2780 3
2781 2
2782 0
2783 0
2784 2
2785 1
2786 4
2787 3
2788 2
2789 2
2790 5
2791 4
2792 2
2793 1
2794 4
2795 3
2796 0
2797 2
2798 3
2799 0
2800 1
2801 2
2802 6
2803 0
2804 5
2805 1
2806 3
2807 4
2808 0
2809 0
2810 2
2811 0
2812 0
2813 1
2814 3
2815 3
2816 1
2817 5
2818 0
2819 2
2820 5
2821 0
2822 3
2823 0
2824 0
2825 3
2826 1
2827 2
2828 1
2829 6
2830 0
2831 0
2832 1
2833 4
2834 5
2835 6
2836 3
2837 3
2838 0
2839 1
2840 4
2841 4
2842 1
2843 1
2844 0
2845 2
2846 2
2847 0
2848 3
2849 2
2850 0
2851 4
2852 6
2853 1
2854 4
2855 4
2856 2
2857 5
2858 4
2859 0
2860 0
2861 2
2862 3
2863 4
2864 2
2865 1
2866 1
2867 1
2868 1
2869 3
2870 1
2871 1
2872 4
2873 2
2874 2
2875 1
2876 0
2877 6
2878 0
2879 3
2880 2
2881 0
2882 5
2883 3
2884 1
2885 1
2886 3
2887 1
2888 2
2889 4
2890 4
2891 4
2892 1
2893 4
2894 0
2895 4
2896 0
2897 0
2898 2
2899 6
2900 4
2901 1
2902 1
2903 1
2904 2
2905 4
2906 2
2907 5
2908 4
2909 0
2910 0
2911 0
2912 1
2913 1
2914 2
2915 4
2916 2
2917 0
2918 5
2919 4
2920 4
2921 2
2922 1
2923 4
2924 6
2925 0
2926 6
2927 1
2928 5
2929 3
2930 5
2931 2
2932 2
2933 1
2934 0
2935 3
2936 3
2937 5
2938 3
2939 4
2940 0
2941 1
2942 2
2943 5
2944 1
2945 0
2946 0
2947 1
2948 5
2949 6
2950 1
2951 2
2952 0
2953 2
2954 3
2955 4
2956 3
2957 4
2958 1
2959 3
2960 0
2961 4
2962 3
2963 5
2964 4
2965 1
2966 3
2967 3
2968 0
2969 0
2970 3
2971 4
2972 0
2973 4
2974 0
2975 6
2976 4
2977 1
2978 0
2979 5
2980 4
2981 1
2982 5
2983 3
2984 2
2985 2
2986 5
2987 6
2988 1
2989 1
2990 5
2991 1
2992 6
2993 3
2994 1
2995 3
2996 0
2997 1
2998 4
2999 3
3000 2
3001 2
3002 2
3003 3
3004 2
3005 4
3006 5
3007 4
3008 1
3009 2
3010 3
3011 5
3012 4
3013 4
3014 0
3015 0
3016 0
3017 2
3018 4
3019 1
3020 4
3021 3
3022 2
3023 1
3024 3
3025 1
3026 2
3027 1
3028 2
3029 3
3030 1
3031 0
3032 2
3033 3
3034 2
3035 4
3036 4
3037 3
3038 4
3039 4
3040 4
3041 1
3042 1
3043 0
3044 0
3045 0
3046 1
3047 4
3048 2
3049 3
3050 2
3051 2
3052 2
3053 4
3054 2
3055 4
3056 3
3057 0
3058 2
3059 0
3060 6
3061 2
3062 2
3063 2
3064 1
3065 3
3066 2
3067 1
3068 1
3069 3
3070 4
3071 5
3072 1
3073 5
3074 1
3075 3
3076 3
3077 0
3078 5
3079 0
3080 3
3081 2
3082 3
3083 2
3084 3
3085 1
3086 0
3087 3
3088 4
3089 3
3090 3
3091 1
3092 6
3093 3
3094 5
3095 6
3096 1
3097 4
3098 3
3099 2
3100 0
3101 0
3102 1
3103 5
3104 1
3105 3
3106 3
3107 5
3108 5
3109 0
3110 3
3111 1
3112 3
3113 0
3114 2
3115 1
3116 2
3117 2
3118 4
3119 2
3120 1
3121 4
3122 4
3123 4
3124 1
3125 3
3126 4
3127 4
3128 0
3129 2
3130 2
3131 1
3132 5
3133 1
3134 3
3135 0
3136 6
3137 1
3138 3
3139 0
3140 0
3141 2
3142 4
3143 2
3144 2
3145 5
3146 3
3147 1
3148 2
3149 1
3150 4
3151 0
3152 2
3153 2
3154 2
3155 4
3156 3
3157 5
3158 3
3159 3
3160 2
3161 2
3162 0
3163 4
3164 1
3165 4
3166 4
3167 5
3168 3
3169 3
3170 4
3171 2
3172 5
3173 4
3174 2
3175 1
3176 0
3177 0
3178 1
3179 4
3180 3
3181 0
3182 2
3183 3
3184 4
3185 0
3186 0
3187 3
3188 1
3189 4
3190 0
3191 3
3192 3
3193 1
3194 0
3195 2
3196 1
3197 1
3198 3
3199 4
3200 1
3201 1
3202 3
3203 2
3204 3
3205 2
3206 3
3207 4
3208 2
3209 0
3210 1
3211 1
3212 5
3213 0
3214 1
3215 1
3216 5
3217 3
3218 5
3219 2
3220 0
3221 3
3222 3
3223 2
3224 1
3225 0
3226 5
3227 1
3228 4
3229 4
3230 6
3231 1
3232 3
3233 4
3234 2
3235 1
3236 2
3237 4
3238 2
3239 5
3240 5
3241 5
3242 4
3243 0
3244 1
3245 1
3246 4
3247 0
3248 0
3249 2
3250 5
3251 0
3252 5
3253 0
3254 4
3255 3
3256 1
3257 1
3258 1
3259 3
3260 4
3261 0
3262 0
3263 0
3264 0
3265 0
3266 5
3267 2
3268 3
3269 4
3270 3
3271 2
3272 0
3273 1
3274 3
3275 3
3276 0
3277 3
3278 2
3279 5
3280 0
3281 2
3282 4
3283 1
3284 4
3285 4
3286 1
3287 0
3288 0
3289 1
3290 2
3291 5
3292 2
3293 3
3294 4
3295 3
3296 1
3297 2
3298 4
3299 2
3300 4
3301 1
3302 5
3303 4
3304 4
3305 3
3306 0
3307 5
3308 4
3309 3
3310 4
3311 1
3312 3
3313 0
3314 2
3315 0
3316 4
3317 1
3318 5
3319 5
3320 1
3321 4
3322 3
3323 4
3324 4
3325 3
3326 2
3327 0
3328 4
3329 1
3330 0
3331 5
3332 2
3333 0
3334 0
3335 3
3336 4
3337 1
3338 3
3339 2
3340 2
3341 6
3342 5
3343 2
3344 0
3345 2
3346 5
3347 2
3348 3
3349 0
3350 3
3351 3
3352 3
3353 2
3354 4
3355 1
3356 3
3357 0
3358 3
3359 0
3360 6
3361 0
3362 3
3363 0
3364 0
3365 2
3366 1
3367 0
3368 4
3369 0
3370 3
3371 3
3372 3
3373 1
3374 3
3375 2
3376 5
3377 3
3378 0
3379 1
3380 2
3381 3
3382 3
3383 2
3384 1
3385 0
3386 2
3387 0
3388 0
3389 5
3390 0
3391 0
3392 1
3393 0
3394 6
3395 4
3396 1
3397 6
3398 4
3399 3
3400 5
3401 3
3402 4
3403 3
3404 2
3405 3
3406 1
3407 4
3408 2
3409 6
3410 2
3411 1
3412 2
3413 1
3414 2
3415 0
3416 1
3417 3
3418 4
3419 5
3420 5
3421 3
3422 0
3423 4
3424 0
3425 0
3426 4
3427 3
3428 3
3429 2
3430 5
3431 0
3432 1
3433 3
3434 0
3435 4
3436 1
3437 1
3438 0
3439 5
3440 3
3441 2
3442 0
3443 3
3444 1
3445 2
3446 0
3447 0
3448 3
3449 4
3450 1
3451 5
3452 5
3453 0
3454 1
3455 2
3456 2
3457 0
3458 3
3459 5
3460 1
3461 0
3462 1
3463 2
3464 0
3465 5
3466 1
3467 1
3468 1
3469 0
3470 1
3471 2
3472 5
3473 5
3474 5
3475 5
3476 4
3477 1
3478 4
3479 5
3480 0
3481 4
3482 3
3483 1
3484 1
3485 4
3486 0
3487 3
3488 6
3489 3
3490 3
3491 3
3492 1
3493 1
3494 3
3495 6
3496 0
3497 3
3498 3
3499 0
3500 4
3501 3
3502 0
3503 3
3504 4
3505 5
3506 2
3507 0
3508 2
3509 4
3510 0
3511 0
3512 3
3513 0
3514 1
3515 4
3516 1
3517 4
3518 4
3519 3
3520 2
3521 3
3522 1
3523 2
3524 4
3525 0
3526 0
3527 2
3528 1
3529 2
3530 5
3531 5
3532 0
3533 0
3534 4
3535 2
3536 2
3537 2
3538 2
3539 4
3540 2
3541 3
3542 2
3543 2
3544 0
3545 2
3546 3
3547 5
3548 3
3549 4
3550 4
3551 2
3552 2
3553 5
3554 6
3555 2
3556 2
3557 4
3558 0
3559 3
3560 2
3561 1
3562 3
3563 0
3564 4
3565 1
3566 3
3567 1
3568 3
3569 2
3570 1
3571 1
3572 1
3573 0
3574 3
3575 3
3576 0
3577 2
3578 3
3579 4
3580 3
3581 3
3582 0
3583 0
3584 2
3585 4
3586 2
3587 2
3588 3
3589 3
3590 0
3591 1
3592 0
3593 0
3594 0
3595 1
3596 0
3597 1
3598 2
3599 5
3600 2
3601 3
3602 0
3603 4
3604 3
3605 3
3606 1
3607 1
3608 2
3609 4
3610 5
3611 1
3612 5
3613 6
3614 0
3615 3
3616 1
3617 1
3618 6
3619 2
3620 5
3621 0
3622 0
3623 5
3624 3
3625 4
3626 3
3627 1
3628 3
3629 2
3630 0
3631 4
3632 4
3633 0
3634 2
3635 1
3636 1
3637 3
3638 5
3639 4
3640 4
3641 0
3642 2
3643 1
3644 0
3645 4
3646 4
3647 0
3648 1
3649 2
3650 3
3651 1
3652 0
3653 2
3654 5
3655 1
3656 4
3657 1
3658 1
3659 1
3660 3
3661 0
3662 1
3663 3
3664 2
3665 3
3666 3
3667 0
3668 5
3669 3
3670 1
3671 2
3672 2
3673 3
3674 0
3675 3
3676 4
3677 6
3678 3
3679 0
3680 1
3681 4
3682 0
3683 1
3684 1
3685 3
3686 3
3687 2
3688 3
3689 3
3690 1
3691 1
3692 3
3693 1
3694 1
3695 4
3696 0
3697 2
3698 2
3699 2
3700 3
3701 3
3702 2
3703 1
3704 0
3705 2
3706 3
3707 1
3708 3
3709 3
3710 3
3711 3
3712 2
3713 1
3714 6
3715 3
3716 1
3717 4
3718 0
3719 6
3720 1
3721 2
3722 1
3723 2
3724 5
3725 2
3726 6
3727 2
3728 1
3729 2
3730 2
3731 1
3732 2
3733 0
3734 2
3735 4
3736 4
3737 1
3738 2
3739 1
3740 2
3741 4
3742 1
3743 3
3744 2
3745 2
3746 5
3747 1
3748 0
3749 3
3750 0
3751 4
3752 1
3753 3
3754 1
3755 1
3756 5
3757 2
3758 1
3759 4
3760 0
3761 4
3762 0
3763 0
3764 1
3765 2
3766 2
3767 0
3768 3
3769 1
3770 5
3771 2
3772 3
3773 2
3774 2
3775 4
3776 1
3777 2
3778 1
3779 3
3780 0
3781 4
3782 2
3783 3
3784 2
3785 1
3786 1
3787 5
3788 2
3789 2
3790 4
3791 3
3792 4
3793 2
3794 2
3795 3
3796 2
3797 0
3798 0
3799 3
3800 5
3801 2
3802 4
3803 3
3804 1
3805 4
3806 3
3807 4
3808 1
3809 1
3810 4
3811 6
3812 0
3813 2
3814 1
3815 2
3816 3
3817 2
3818 0
3819 6
3820 5
3821 3
3822 0
3823 1
3824 0
3825 0
3826 0
3827 0
3828 1
3829 2
3830 1
3831 3
3832 2
3833 2
3834 3
3835 5
3836 3
3837 2
3838 3
3839 4
3840 0
3841 4
3842 1
3843 2
3844 0
3845 1
3846 0
3847 0
3848 2
3849 6
3850 3
3851 4
3852 3
3853 3
3854 3
3855 1
3856 4
3857 3
3858 2
3859 1
3860 1
3861 5
3862 5
3863 4
3864 3
3865 2
3866 5
3867 2
3868 0
3869 5
3870 5
3871 1
3872 3
3873 2
3874 2
3875 0
3876 2
3877 2
3878 0
3879 2
3880 3
3881 1
3882 0
3883 4
3884 5
3885 2
3886 2
3887 2
3888 3
3889 2
3890 0
3891 2
3892 1
3893 5
3894 0
3895 3
3896 2
3897 1
3898 3
3899 0
3900 3
3901 5
3902 0
3903 0
3904 2
3905 0
3906 2
3907 6
3908 3
3909 4
3910 0
3911 4
3912 3
3913 4
3914 2
3915 2
3916 1
3917 4
3918 3
3919 4
3920 3
3921 1
3922 0
3923 1
3924 0
3925 4
3926 1
3927 2
3928 5
3929 0
3930 5
3931 2
3932 0
3933 1
3934 2
3935 1
3936 2
3937 1
3938 0
3939 3
3940 3
3941 2
3942 4
3943 6
3944 3
3945 4
3946 3
3947 2
3948 2
3949 0
3950 3
3951 2
3952 4
3953 4
3954 4
3955 2
3956 3
3957 0
3958 2
3959 2
3960 0
3961 2
3962 0
3963 4
3964 0
3965 6
3966 1
3967 1
3968 1
3969 1
3970 3
3971 1
3972 5
3973 2
3974 1
3975 4
3976 6
3977 4
3978 1
3979 4
3980 4
3981 5
3982 0
3983 0
3984 2
3985 3
3986 4
3987 3
3988 4
3989 2
3990 1
3991 0
3992 0
3993 2
3994 3
3995 3
3996 6
3997 2
3998 5
3999 2
4000 2
4001 2
4002 1
4003 4
4004 4
4005 0
4006 0
4007 2
4008 4
4009 3
4010 0
4011 1
4012 0
4013 4
4014 6
4015 4
4016 4
4017 1
4018 0
4019 1
4020 6
4021 4
4022 1
4023 5
4024 1
4025 0
4026 2
4027 3
4028 1
4029 2
4030 5
4031 2
4032 4
4033 2
4034 0
4035 5
4036 3
4037 1
4038 2
4039 3
4040 1
4041 2
4042 1
4043 3
4044 1
4045 5
4046 5
4047 3
4048 5
4049 2
4050 1
4051 2
4052 3
4053 1
4054 1
4055 2
4056 1
4057 2
4058 0
4059 3
4060 2
4061 1
4062 0
4063 4
4064 3
4065 5
4066 2
4067 3
4068 4
4069 3
4070 2
4071 3
4072 0
4073 0
4074 0
4075 2
4076 1
4077 4
4078 0
4079 2
4080 1
4081 4
4082 2
4083 5
4084 4
4085 2
4086 0
4087 5
4088 2
4089 3
4090 1
4091 2
4092 2
4093 2
4094 1
4095 4
4096 4
4097 3
4098 0
4099 3
4100 1
4101 2
4102 4
4103 4
4104 1
4105 1
4106 5
4107 4
4108 0
4109 5
4110 5
4111 2
4112 3
4113 5
4114 1
4115 3
4116 0
4117 0
4118 3
4119 2
4120 0
4121 0
4122 0
4123 4
4124 5
4125 0
4126 3
4127 5
4128 4
4129 2
4130 6
4131 1
4132 5
4133 0
4134 1
4135 1
4136 4
4137 3
4138 0
4139 1
4140 4
4141 3
4142 0
4143 5
4144 2
4145 0
4146 4
4147 3
4148 5
4149 3
4150 3
4151 0
4152 2
4153 0
4154 0
4155 2
4156 3
4157 0
4158 4
4159 4
4160 2
4161 3
4162 1
4163 1
4164 4
4165 0
4166 0
4167 1
4168 2
4169 3
4170 1
4171 1
4172 1
4173 0
4174 4
4175 1
4176 3
4177 2
4178 0
4179 3
4180 1
4181 3
4182 6
4183 4
4184 3
4185 4
4186 2
4187 3
4188 2
4189 0
4190 3
4191 3
4192 2
4193 0
4194 2
4195 1
4196 1
4197 2
4198 1
4199 2
4200 3
4201 4
4202 5
4203 3
4204 1
4205 1
4206 5
4207 5
4208 0
4209 3
4210 0
4211 3
4212 1
4213 2
4214 0
4215 2
4216 4
4217 3
4218 2
4219 2
4220 4
4221 5
4222 5
4223 2
4224 4
4225 5
4226 0
4227 1
4228 0
4229 2
4230 3
4231 3
4232 5
4233 1
4234 2
4235 0
4236 0
4237 1
4238 5
4239 2
4240 3
4241 0
4242 1
4243 1
4244 2
4245 2
4246 3
4247 2
4248 1
4249 5
4250 3
4251 4
4252 5
4253 1
4254 0
4255 1
4256 1
4257 2
4258 3
4259 5
4260 0
4261 4
4262 1
4263 1
4264 4
4265 1
4266 1
4267 2
4268 5
4269 5
4270 1
4271 2
4272 3
4273 2
4274 4
4275 1
4276 1
4277 0
4278 0
4279 4
4280 1
4281 0
4282 5
4283 2
4284 1
4285 0
4286 0
4287 4
4288 3
4289 3
4290 3
4291 6
4292 0
4293 0
4294 2
4295 5
4296 4
4297 0
4298 1
4299 2
4300 0
4301 1
4302 0
4303 4
4304 2
4305 5
4306 3
4307 0
4308 3
4309 5
4310 2
4311 4
4312 1
4313 4
4314 4
4315 3
4316 3
4317 2
4318 0
4319 5
4320 1
4321 0
4322 5
4323 1
4324 5
4325 4
4326 4
4327 1
4328 0
4329 3
4330 4
4331 4
4332 2
4333 1
4334 2
4335 0
4336 5
4337 3
4338 0
4339 4
4340 4
4341 0
4342 2
4343 4
4344 1
4345 1
4346 0
4347 4
4348 4
4349 3
4350 2
4351 4
4352 4
4353 0
4354 1
4355 0
4356 2
4357 2
4358 2
4359 3
4360 3
4361 2
4362 0
4363 3
4364 2
4365 1
4366 5
4367 2
4368 2
4369 3
4370 4
4371 2
4372 0
4373 2
4374 1
4375 3
4376 4
4377 3
4378 4
4379 1
4380 2
4381 1
4382 0
4383 4
4384 1
4385 4
4386 2
4387 0
4388 3
4389 1
4390 1
4391 0
4392 1
4393 2
4394 2
4395 2
4396 0
4397 3
4398 3
4399 2
4400 3
4401 1
4402 3
4403 0
4404 4
4405 3
4406 5
4407 1
4408 1
4409 0
4410 3
4411 4
4412 1
4413 2
4414 3
4415 1
4416 1
4417 0
4418 3
4419 4
4420 0
4421 6
4422 3
4423 6
4424 2
4425 0
4426 2
4427 4
4428 4
4429 4
4430 6
4431 2
4432 1
4433 0
4434 1
4435 1
4436 2
4437 2
4438 1
4439 2
4440 5
4441 2
4442 2
4443 4
4444 5
4445 0
4446 4
4447 0
4448 4
4449 4
4450 4
4451 1
4452 2
4453 2
4454 5
4455 4
4456 2
4457 1
4458 4
4459 3
4460 5
4461 0
4462 2
4463 0
4464 0
4465 1
4466 1
4467 5
4468 5
4469 6
4470 6
4471 4
4472 1
4473 3
4474 4
4475 1
4476 3
4477 4
4478 2
4479 4
4480 0
4481 0
4482 2
4483 2
4484 0
4485 2
4486 3
4487 3
4488 0
4489 2
4490 5
4491 2
4492 1
4493 1
4494 4
4495 3
4496 2
4497 1
4498 5
4499 0
4500 5
4501 1
4502 0
4503 0
4504 2
4505 4
4506 0
4507 0
4508 1
4509 0
4510 5
4511 3
4512 4
4513 0
4514 3
4515 1
4516 2
4517 0
4518 1
4519 3
4520 3
4521 1
4522 0
4523 1
4524 0
4525 0
4526 2
4527 1
4528 3
4529 2
4530 0
4531 4
4532 0
4533 5
4534 2
4535 3
4536 3
4537 1
4538 0
4539 2
4540 1
4541 2
4542 3
4543 0
4544 1
4545 3
4546 0
4547 0
4548 4
4549 3
4550 1
4551 0
4552 1
4553 0
4554 6
4555 1
4556 1
4557 5
4558 1
4559 2
4560 4
4561 1
4562 4
4563 4
4564 0
4565 3
4566 2
4567 1
4568 2
4569 1
4570 0
4571 0
4572 2
4573 2
4574 0
4575 6
4576 5
4577 0
4578 1
4579 6
4580 0
4581 1
4582 2
4583 3
4584 1
4585 0
4586 0
4587 2
4588 5
4589 5
4590 3
4591 5
4592 3
4593 3
4594 4
4595 3
4596 2
4597 1
4598 4
4599 3
4600 2
4601 1
4602 2
4603 0
4604 0
4605 5
4606 2
4607 1
4608 3
4609 3
4610 0
4611 4
4612 5
4613 3
4614 2
4615 0
4616 5
4617 1
4618 2
4619 5
4620 3
4621 1
4622 3
4623 1
4624 4
4625 3
4626 0
4627 1
4628 0
4629 1
4630 5
4631 5
4632 1
4633 4
4634 4
4635 4
4636 5
4637 3
4638 0
4639 1
4640 5
4641 1
4642 3
4643 2
4644 3
4645 1
4646 1
4647 1
4648 4
4649 2
4650 4
4651 5
4652 4
4653 1
4654 5
4655 1
4656 4
4657 1
4658 3
4659 2
4660 3
4661 1
4662 5
4663 5
4664 6
4665 3
4666 1
4667 0
4668 2
4669 4
4670 1
4671 3
4672 0
4673 5
4674 4
4675 2
4676 4
4677 2
4678 2
4679 1
4680 0
4681 0
4682 3
4683 0
4684 3
4685 4
4686 3
4687 5
4688 1
4689 0
4690 0
4691 2
4692 3
4693 2
4694 3
4695 4
4696 0
4697 1
4698 4
4699 3
4700 4
4701 2
4702 0
4703 0
4704 5
4705 2
4706 3
4707 3
4708 4
4709 6
4710 1
4711 4
4712 1
4713 1
4714 0
4715 1
4716 2
4717 5
4718 1
4719 4
4720 0
4721 3
4722 5
4723 3
4724 4
4725 3
4726 5
4727 0
4728 2
4729 3
4730 2
4731 2
4732 4
4733 0
4734 1
4735 2
4736 5
4737 1
4738 1
4739 1
4740 2
4741 1
4742 3
4743 1
4744 6
4745 2
4746 3
4747 3
4748 6
4749 1
4750 1
4751 1
4752 1
4753 2
4754 2
4755 2
4756 4
4757 3
4758 0
4759 3
4760 5
4761 4
4762 2
4763 0
4764 0
4765 2
4766 2
4767 2
4768 2
4769 6
4770 2
4771 1
4772 6
4773 7
4774 2
4775 0
4776 3
4777 1
4778 2
4779 1
4780 5
4781 1
4782 3
4783 2
4784 0
4785 4
4786 0
4787 5
4788 1
4789 4
4790 0
4791 0
4792 2
4793 1
4794 4
4795 5
4796 3
4797 1
4798 4
4799 0
4800 1
4801 1
4802 4
4803 3
4804 6
4805 5
4806 0
4807 0
4808 3
4809 3
4810 4
4811 0
4812 0
4813 3
4814 0
4815 2
4816 2
4817 0
4818 0
4819 3
4820 2
4821 2
4822 2
4823 1
4824 0
4825 4
4826 3
4827 1
4828 1
4829 2
4830 2
4831 5
4832 1
4833 4
4834 0
4835 1
4836 3
4837 1
4838 1
4839 5
4840 0
4841 4
4842 2
4843 5
4844 3
4845 2
4846 2
4847 4
4848 0
4849 5
4850 2
4851 3
4852 4
4853 3
4854 4
4855 3
4856 1
4857 3
4858 2
4859 0
4860 2
4861 2
4862 0
4863 2
4864 1
4865 4
4866 1
4867 4
4868 1
4869 3
4870 4
4871 3
4872 0
4873 1
4874 0
4875 0
4876 0
4877 5
4878 3
4879 3
4880 1
4881 3
4882 5
4883 3
4884 4
4885 4
4886 2
4887 4
4888 3
4889 4
4890 1
4891 0
4892 1
4893 1
4894 4
4895 4
4896 1
4897 5
4898 0
4899 0
4900 2
4901 1
4902 3
4903 2
4904 1
4905 3
4906 3
4907 4
4908 1
4909 3
4910 4
4911 1
4912 4
4913 3
4914 0
4915 0
4916 3
4917 1
4918 1
4919 3
4920 3
4921 3
4922 3
4923 4
4924 3
4925 3
4926 2
4927 0
4928 3
4929 1
4930 1
4931 2
4932 2
4933 3
4934 3
4935 3
4936 0
4937 0
4938 1
4939 4
4940 1
4941 4
4942 1
4943 3
4944 2
4945 3
4946 1
4947 4
4948 1
4949 1
4950 3
4951 2
4952 2
4953 2
4954 1
4955 3
4956 5
4957 5
4958 0
4959 4
4960 2
4961 4
4962 3
4963 0
4964 1
4965 2
4966 1
4967 0
4968 0
4969 1
4970 3
4971 0
4972 5
4973 4
4974 0
4975 2
4976 6
4977 0
4978 0
4979 2
4980 2
4981 5
4982 0
4983 1
4984 0
4985 3
4986 2
4987 3
4988 3
4989 0
4990 6
4991 0
4992 0
4993 1
4994 4
4995 0
4996 4
4997 2
4998 1
4999 1
5000 1
5001 1
5002 1
5003 2
5004 1
5005 1
5006 0
5007 4
5008 3
5009 1
5010 5
5011 3
5012 1
5013 3
5014 1
5015 1
5016 2
5017 0
5018 3
5019 3
5020 1
5021 2
5022 6
5023 3
5024 3
5025 1
5026 4
5027 5
5028 5
5029 1
5030 1
5031 0
5032 2
5033 2
5034 3
5035 4
5036 1
5037 0
5038 4
5039 4
5040 2
5041 2
5042 6
5043 4
5044 0
5045 3
5046 0
5047 2
5048 1
5049 2
5050 5
5051 0
5052 2
5053 5
5054 2
5055 1
5056 4
5057 2
5058 0
5059 1
5060 2
5061 5
5062 3
5063 2
5064 2
5065 4
5066 4
5067 4
5068 2
5069 2
5070 1
5071 5
5072 2
5073 3
5074 2
5075 1
5076 5
5077 3
5078 1
5079 2
5080 2
5081 4
5082 6
5083 4
5084 4
5085 4
5086 1
5087 4
5088 1
5089 1
5090 4
5091 0
5092 3
5093 1
5094 1
5095 5
5096 0
5097 0
5098 5
5099 6
5100 3
5101 1
5102 4
5103 0
5104 1
5105 0
5106 0
5107 5
5108 1
5109 3
5110 3
5111 3
5112 2
5113 5
5114 0
5115 0
5116 4
5117 6
5118 0
5119 5
5120 3
5121 3
5122 5
5123 4
5124 5
5125 1
5126 1
5127 4
5128 1
5129 3
5130 4
5131 1
5132 3
5133 2
5134 4
5135 4
5136 3
5137 3
5138 5
5139 6
5140 0
5141 1
5142 1
5143 0
5144 3
5145 0
5146 0
5147 1
5148 0
5149 2
5150 3
5151 4
5152 2
5153 5
5154 5
5155 4
5156 4
5157 0
5158 2
5159 3
5160 0
5161 0
5162 4
5163 4
5164 4
5165 3
5166 1
5167 3
5168 1
5169 3
5170 1
5171 4
5172 1
5173 3
5174 1
5175 4
5176 5
5177 4
5178 5
5179 2
5180 3
5181 4
5182 0
5183 1
5184 1
5185 5
5186 0
5187 3
5188 1
5189 1
5190 0
5191 2
5192 1
5193 3
5194 0
5195 4
5196 0
5197 4
5198 3
5199 2
5200 5
5201 1
5202 1
5203 3
5204 1
5205 5
5206 3
5207 2
5208 3
5209 3
5210 3
5211 5
5212 3
5213 0
5214 2
5215 1
5216 4
5217 1
5218 2
5219 2
5220 0
5221 5
5222 3
5223 4
5224 0
5225 3
5226 4
5227 0
5228 4
5229 5
5230 5
5231 1
5232 0
5233 4
5234 5
5235 2
5236 1
5237 2
5238 0
5239 1
5240 1
5241 2
5242 1
5243 5
5244 2
5245 4
5246 2
5247 1
5248 0
5249 5
5250 4
5251 3
5252 2
5253 3
5254 1
5255 0
5256 1
5257 5
5258 0
5259 5
5260 1
5261 0
5262 3
5263 4
5264 5
5265 5
5266 3
5267 1
5268 3
5269 1
5270 2
5271 6
5272 5
5273 5
5274 1
5275 5
5276 0
5277 1
5278 6
5279 3
5280 2
5281 5
5282 0
5283 3
5284 2
5285 4
5286 4
5287 5
5288 2
5289 2
5290 3
5291 2
5292 2
5293 2
5294 5
5295 5
5296 0
5297 0
5298 2
5299 4
5300 6
5301 0
5302 1
5303 2
5304 1
5305 2
5306 1
5307 2
5308 3
5309 2
5310 0
5311 1
5312 3
5313 0
5314 3
5315 5
5316 2
5317 0
5318 2
5319 6
5320 5
5321 0
5322 4
5323 1
5324 2
5325 1
5326 3
5327 1
5328 3
5329 1
5330 1
5331 4
5332 1
5333 3
5334 3
5335 6
5336 3
5337 6
5338 4
5339 0
5340 4
5341 2
5342 2
5343 1
5344 0
5345 3
5346 2
5347 5
5348 3
5349 0
5350 1
5351 3
5352 4
5353 2
5354 3
5355 0
5356 3
5357 5
5358 1
5359 0
5360 1
5361 5
5362 5
5363 4
5364 4
5365 1
5366 2
5367 4
5368 2
5369 5
5370 3
5371 3
5372 0
5373 5
5374 4
5375 5
5376 1
5377 3
5378 1
5379 5
5380 0
5381 3
5382 4
5383 1
5384 1
5385 3
5386 2
5387 1
5388 2
5389 4
5390 3
5391 0
5392 0
5393 0
5394 5
5395 2
5396 1
5397 5
5398 1
5399 0
5400 2
5401 2
5402 3
5403 3
5404 4
5405 4
5406 4
5407 3
5408 5
5409 0
5410 4
5411 2
5412 2
5413 1
5414 0
5415 0
5416 1
5417 4
5418 3
5419 3
5420 0
5421 0
5422 3
5423 3
5424 1
5425 4
5426 3
5427 3
5428 1
5429 3
5430 0
5431 4
5432 6
5433 5
5434 0
5435 0
5436 4
5437 1
5438 7
5439 0
5440 4
5441 4
5442 0
5443 4
5444 3
5445 2
5446 0
5447 1
5448 0
5449 2
5450 0
5451 0
5452 3
5453 4
5454 1
5455 1
5456 5
5457 4
5458 2
5459 4
5460 1
5461 5
5462 3
5463 5
5464 1
5465 0
5466 0
5467 3
5468 0
5469 1
5470 1
5471 0
5472 0
5473 3
5474 4
5475 2
5476 4
5477 1
5478 4
5479 6
5480 1
5481 1
5482 3
5483 5
5484 2
5485 2
5486 1
5487 1
5488 4
5489 2
5490 1
5491 4
5492 3
5493 4
5494 0
5495 1
5496 3
5497 3
5498 3
5499 2
5500 5
5501 5
5502 3
5503 4
5504 3
5505 2
5506 3
5507 4
5508 2
5509 6
5510 6
5511 2
5512 1
5513 0
5514 1
5515 4
5516 2
5517 4
5518 0
5519 1
5520 2
5521 3
5522 2
5523 2
5524 0
5525 0
5526 0
5527 0
5528 2
5529 5
5530 6
5531 2
5532 1
5533 4
5534 4
5535 0
5536 4
5537 2
5538 1
5539 1
5540 2
5541 2
5542 2
5543 2
5544 0
5545 0
5546 2
5547 3
5548 4
5549 3
5550 3
5551 5
5552 2
5553 3
5554 0
5555 2
5556 0
5557 5
5558 1
5559 3
5560 0
5561 3
5562 5
5563 4
5564 1
5565 2
5566 3
5567 4
5568 1
5569 0
5570 4
5571 0
5572 3
5573 0
5574 1
5575 0
5576 3
5577 3
5578 2
5579 5
5580 1
5581 5
5582 2
5583 3
5584 2
5585 3
5586 1
5587 3
5588 0
5589 4
5590 0
5591 3
5592 4
5593 1
5594 3
5595 0
5596 1
5597 5
5598 2
5599 1
5600 2
5601 4
5602 1
5603 2
5604 0
5605 6
5606 0
5607 1
5608 0
5609 0
5610 0
5611 2
5612 2
5613 4
5614 1
5615 0
5616 0
5617 1
5618 5
5619 2
5620 0
5621 4
5622 2
5623 3
5624 5
5625 4
5626 2
5627 5
5628 1
5629 1
5630 2
5631 0
5632 2
5633 0
5634 0
5635 1
5636 2
5637 3
5638 4
5639 3
5640 5
5641 0
5642 0
5643 4
5644 6
5645 2
5646 0
5647 1
5648 4
5649 0
5650 0
5651 0
5652 1
5653 6
5654 1
5655 6
5656 4
5657 6
5658 3
5659 1
5660 0
5661 2
5662 0
5663 3
5664 1
5665 1
5666 2
5667 2
5668 4
5669 2
5670 0
5671 0
5672 2
5673 3
5674 1
5675 2
5676 4
5677 0
5678 5
5679 5
5680 5
5681 1
5682 2
5683 2
5684 5
5685 1
5686 1
5687 4
5688 3
5689 0
5690 2
5691 3
5692 6
5693 6
5694 6
5695 2
5696 4
5697 5
5698 0
5699 2
5700 5
5701 3
5702 3
5703 3
5704 4
5705 5
5706 2
5707 6
5708 2
5709 2
5710 0
5711 3
5712 2
5713 3
5714 2
5715 0
5716 3
5717 3
5718 0
5719 5
5720 0
5721 4
5722 3
5723 0
5724 1
5725 0
5726 1
5727 5
5728 0
5729 2
5730 0
5731 2
5732 0
5733 5
5734 2
5735 1
5736 2
5737 0
5738 4
5739 1
5740 0
5741 6
5742 1
5743 4
5744 0
5745 4
5746 0
5747 3
5748 4
5749 2
5750 6
5751 2
5752 1
5753 0
5754 2
5755 3
5756 1
5757 3
5758 2
5759 5
5760 0
5761 3
5762 1
5763 4
5764 4
5765 0
5766 4
5767 2
5768 0
5769 3
5770 4
5771 0
5772 1
5773 3
5774 1
5775 4
5776 2
5777 5
5778 5
5779 0
5780 0
5781 0
5782 1
5783 4
5784 1
5785 3
5786 3
5787 2
5788 3
5789 0
5790 4
5791 5
5792 0
5793 4
5794 3
5795 2
5796 4
5797 1
5798 0
5799 3
5800 3
5801 5
5802 0
5803 1
5804 2
5805 0
5806 1
5807 4
5808 2
5809 5
5810 4
5811 3
5812 3
5813 4
5814 1
5815 2
5816 3
5817 4
5818 1
5819 1
5820 4
5821 4
5822 0
5823 2
5824 1
5825 3
5826 0
5827 0
5828 1
5829 0
5830 3
5831 2
5832 1
5833 1
5834 2
5835 5
5836 0
5837 0
5838 0
5839 6
5840 5
5841 5
5842 4
5843 4
5844 5
5845 2
5846 0
5847 1
5848 5
5849 4
5850 1
5851 2
5852 3
5853 5
5854 5
5855 2
5856 0
5857 2
5858 4
5859 0
5860 4
5861 1
5862 3
5863 2
5864 5
5865 2
5866 1
5867 4
5868 2
5869 0
5870 3
5871 4
5872 2
5873 1
5874 2
5875 0
5876 3
5877 0
5878 3
5879 4
5880 3
5881 3
5882 1
5883 2
5884 0
5885 1
5886 4
5887 1
5888 4
5889 3
5890 2
5891 1
5892 3
5893 5
5894 1
5895 0
5896 1
5897 2
5898 3
5899 2
5900 0
5901 0
5902 0
5903 3
5904 3
5905 0
5906 5
5907 1
5908 3
5909 0
5910 0
5911 4
5912 0
5913 4
5914 3
5915 2
5916 5
5917 3
5918 2
5919 3
5920 5
5921 0
5922 1
5923 1
5924 3
5925 2
5926 0
5927 1
5928 1
5929 0
5930 2
5931 4
5932 0
5933 3
5934 4
5935 0
5936 0
5937 4
5938 1
5939 1
5940 1
5941 4
5942 4
5943 1
5944 1
5945 4
5946 0
5947 4
5948 5
5949 1
5950 3
5951 3
5952 0
5953 5
5954 3
5955 1
5956 4
5957 4
5958 2
5959 4
5960 2
5961 0
5962 4
5963 4
5964 4
5965 1
5966 2
5967 1
5968 2
5969 1
5970 2
5971 5
5972 4
5973 3
5974 0
5975 3
5976 0
5977 3
5978 5
5979 1
5980 2
5981 2
5982 4
5983 0
5984 5
5985 0
5986 5
5987 1
5988 3
5989 6
5990 4
5991 0
5992 3
5993 2
5994 4
5995 2
5996 3
5997 3
5998 2
5999 2
6000 2
6001 0
6002 3
6003 2
6004 5
6005 1
6006 4
6007 5
6008 3
6009 3
6010 2
6011 4
6012 1
6013 1
6014 5
6015 1
6016 0
6017 3
6018 3
6019 0
6020 4
6021 1
6022 0
6023 4
6024 0
6025 2
6026 0
6027 3
6028 3
6029 2
6030 4
6031 1
6032 3
6033 2
6034 4
6035 4
6036 1
6037 0
6038 3
6039 7
6040 3
6041 3
6042 1
6043 2
6044 1
6045 5
6046 3
6047 0
6048 5
6049 1
6050 6
6051 1
6052 6
6053 2
6054 3
6055 2
6056 0
6057 2
6058 5
6059 2
6060 4
6061 2
6062 1
6063 1
6064 0
6065 3
6066 4
6067 1
6068 2
6069 0
6070 5
6071 2
6072 1
6073 2
6074 2
6075 2
6076 2
6077 3
6078 5
6079 3
6080 3
6081 5
6082 4
6083 6
6084 6
6085 3
6086 4
6087 3
6088 1
6089 3
6090 0
6091 3
6092 1
6093 3
6094 2
6095 2
6096 0
6097 0
6098 3
6099 4
6100 0
6101 0
6102 1
6103 1
6104 3
6105 3
6106 1
6107 1
6108 4
6109 5
6110 2
6111 1
6112 0
6113 1
6114 1
6115 1
6116 3
6117 2
6118 1
6119 0
6120 0
6121 3
6122 1
6123 1
6124 2
6125 5
6126 4
6127 2
6128 4
6129 1
6130 4
6131 4
6132 1
6133 2
6134 2
6135 4
6136 2
6137 0
6138 1
6139 4
6140 4
6141 4
6142 4
6143 2
6144 2
6145 3
6146 0
6147 3
6148 2
6149 0
6150 5
6151 5
6152 4
6153 0
6154 1
6155 0
6156 0
6157 2
6158 3
6159 1
6160 0
6161 5
6162 4
6163 3
6164 1
6165 2
6166 3
6167 3
6168 3
6169 6
6170 2
6171 3
6172 0
6173 5
6174 4
6175 1
6176 4
6177 0
6178 2
6179 2
6180 0
6181 3
6182 5
6183 1
6184 5
6185 0
6186 1
6187 4
6188 2
6189 2
6190 2
6191 0
6192 1
6193 1
6194 0
6195 5
6196 3
6197 1
6198 1
6199 5
6200 2
6201 5
6202 5
6203 2
6204 2
6205 5
6206 0
6207 2
6208 4
6209 1
6210 3
6211 4
6212 0
6213 5
6214 1
6215 5
6216 0
6217 2
6218 3
6219 5
6220 3
6221 1
6222 2
6223 5
6224 3
6225 3
6226 6
6227 1
6228 0
6229 5
6230 4
6231 0
6232 4
6233 2
6234 5
6235 3
6236 2
6237 4
6238 4
6239 0
6240 2
6241 0
6242 3
6243 5
6244 5
6245 1
6246 3
6247 1
6248 4
6249 1
6250 2
6251 5
6252 2
6253 2
6254 1
6255 3
6256 0
6257 3
6258 1
6259 3
6260 4
6261 4
6262 0
6263 0
6264 1
6265 0
6266 3
6267 2
6268 0
6269 5
6270 0
6271 0
6272 2
6273 3
6274 0
6275 3
6276 3
6277 2
6278 5
6279 2
6280 2
6281 4
6282 1
6283 5
6284 4
6285 4
6286 0
6287 5
6288 0
6289 4
6290 3
6291 0
6292 0
6293 2
6294 4
6295 3
6296 4
6297 5
6298 5
6299 0
6300 0
6301 2
6302 2
6303 4
6304 1
6305 5
6306 3
6307 2
6308 2
6309 0
6310 2
6311 0
6312 4
6313 0
6314 5
6315 2
6316 0
6317 1
6318 3
6319 0
6320 5
6321 6
6322 4
6323 1
6324 5
6325 3
6326 2
6327 3
6328 2
6329 2
6330 3
6331 0
6332 1
6333 4
6334 3
6335 3
6336 0
6337 1
6338 0
6339 0
6340 2
6341 1
6342 3
6343 1
6344 5
6345 4
6346 5
6347 2
6348 1
6349 2
6350 3
6351 1
6352 4
6353 4
6354 1
6355 1
6356 4
6357 1
6358 4
6359 2
6360 1
6361 3
6362 2
6363 1
6364 3
6365 2
6366 4
6367 2
6368 2
6369 3
6370 3
6371 3
6372 3
6373 3
6374 0
6375 0
6376 3
6377 1
6378 0
6379 1
6380 1
6381 3
6382 3
6383 4
6384 3
6385 1
6386 1
6387 0
6388 0
6389 0
6390 2
6391 6
6392 0
6393 5
6394 6
6395 2
6396 3
6397 5
6398 5
6399 4
6400 5
6401 0
6402 3
6403 0
6404 4
6405 4
6406 4
6407 4
6408 3
6409 5
6410 3
6411 1
6412 2
6413 3
6414 2
6415 0
6416 1
6417 0
6418 2
6419 4
6420 0
6421 0
6422 4
6423 3
6424 1
6425 0
6426 2
6427 1
6428 6
6429 3
6430 3
6431 0
6432 0
6433 2
6434 0
6435 4
6436 2
6437 0
6438 5
6439 0
6440 4
6441 1
6442 0
6443 2
6444 3
6445 1
6446 1
6447 2
6448 0
6449 0
6450 1
6451 0
6452 3
6453 3
6454 4
6455 5
6456 0
6457 3
6458 1
6459 3
6460 0
6461 2
6462 2
6463 4
6464 3
6465 2
6466 3
6467 1
6468 3
6469 3
6470 3
6471 4
6472 3
6473 0
6474 0
6475 4
6476 4
6477 2
6478 1
6479 2
6480 2
6481 1
6482 3
6483 1
6484 2
6485 4
6486 3
6487 0
6488 1
6489 3
6490 4
6491 3
6492 0
6493 1
6494 3
6495 0
6496 2
6497 3
6498 1
6499 4
6500 5
6501 4
6502 4
6503 5
6504 0
6505 0
6506 0
6507 2
6508 3
6509 0
6510 0
6511 3
6512 3
6513 0
6514 3
6515 3
6516 3
6517 5
6518 1
6519 4
6520 4
6521 2
6522 0
6523 1
6524 3
6525 2
6526 4
6527 0
6528 2
6529 4
6530 0
6531 3
6532 3
6533 1
6534 0
6535 0
6536 5
6537 2
6538 5
6539 5
6540 2
6541 5
6542 0
6543 3
6544 4
6545 5
6546 2
6547 2
6548 5
6549 4
6550 3
6551 0
6552 1
6553 2
6554 2
6555 3
6556 0
6557 0
6558 5
6559 1
6560 3
6561 3
6562 5
6563 0
6564 3
6565 4
6566 5
6567 6
6568 5
6569 2
6570 4
6571 5
6572 0
6573 3
6574 1
6575 0
6576 5
6577 4
6578 0
6579 4
6580 1
6581 1
6582 5
6583 5
6584 2
6585 3
6586 5
6587 4
6588 0
6589 0
6590 3
6591 3
6592 4
6593 3
6594 3
6595 6
6596 6
6597 3
6598 0
6599 3
6600 0
6601 1
6602 5
6603 1
6604 0
6605 4
6606 0
6607 2
6608 0
6609 0
6610 4
6611 2
6612 4
6613 1
6614 4
6615 2
6616 6
6617 3
6618 1
6619 2
6620 7
6621 4
6622 4
6623 0
6624 1
6625 0
6626 1
6627 1
6628 2
6629 0
6630 1
6631 2
6632 3
6633 0
6634 2
6635 5
6636 2
6637 1
6638 4
6639 5
6640 4
6641 5
6642 2
6643 2
6644 2
6645 4
6646 4
6647 4
6648 1
6649 2
6650 3
6651 1
6652 0
6653 4
6654 3
6655 0
6656 5
6657 0
6658 0
6659 2
6660 2
6661 2
6662 1
6663 1
6664 1
6665 2
6666 1
6667 4
6668 3
6669 4
6670 5
6671 0
6672 5
6673 3
6674 1
6675 4
6676 2
6677 3
6678 0
6679 1
6680 3
6681 4
6682 3
6683 1
6684 0
6685 2
6686 6
6687 4
6688 0
6689 6
6690 0
6691 1
6692 4
6693 4
6694 2
6695 2
6696 5
6697 3
6698 0
6699 2
6700 4
6701 1
6702 4
6703 1
6704 3
6705 5
6706 1
6707 1
6708 2
6709 0
6710 2
6711 3
6712 2
6713 5
6714 1
6715 0
6716 5
6717 0
6718 2
6719 3
6720 5
6721 2
6722 2
6723 2
6724 3
6725 5
6726 3
6727 4
6728 4
6729 4
6730 4
6731 1
6732 1
6733 3
6734 5
6735 0
6736 2
6737 0
6738 2
6739 1
6740 2
6741 2
6742 4
6743 0
6744 1
6745 3
6746 1
6747 2
6748 4
6749 3
6750 2
6751 4
6752 1
6753 3
6754 0
6755 1
6756 1
6757 1
6758 3
6759 3
6760 1
6761 2
6762 4
6763 1
6764 2
6765 3
6766 2
6767 2
6768 1
6769 4
6770 3
6771 1
6772 3
6773 2
6774 1
6775 2
6776 3
6777 4
6778 4
6779 3
6780 4
6781 4
6782 2
6783 4
6784 1
6785 2
6786 3
6787 2
6788 3
6789 4
6790 1
6791 1
6792 3
6793 3
6794 4
6795 0
6796 6
6797 0
6798 3
6799 2
6800 2
6801 3
6802 2
6803 0
6804 1
6805 4
6806 1
6807 4
6808 5
6809 5
6810 0
6811 1
6812 0
6813 4
6814 1
6815 3
6816 5
6817 4
6818 5
6819 3
6820 2
6821 0
6822 3
6823 0
6824 2
6825 3
6826 4
6827 4
6828 0
6829 3
6830 3
6831 0
6832 3
6833 6
6834 0
6835 0
6836 1
6837 3
6838 0
6839 2
6840 5
6841 1
6842 0
6843 1
6844 1
6845 2
6846 3
6847 4
6848 2
6849 1
6850 2
6851 0
6852 3
6853 3
6854 2
6855 3
6856 0
6857 1
6858 3
6859 0
6860 5
6861 2
6862 2
6863 2
6864 3
6865 4
6866 1
6867 4
6868 4
6869 1
6870 0
6871 3
6872 3
6873 0
6874 1
6875 6
6876 1
6877 4
6878 2
6879 2
6880 3
6881 5
6882 1
6883 1
6884 3
6885 3
6886 1
6887 2
6888 0
6889 6
6890 4
6891 4
6892 4
6893 5
6894 1
6895 4
6896 4
6897 3
6898 2
6899 4
6900 4
6901 3
6902 5
6903 1
6904 2
6905 3
6906 2
6907 2
6908 5
6909 1
6910 5
6911 1
6912 4
6913 3
6914 1
6915 4
6916 2
6917 2
6918 0
6919 2
6920 2
6921 5
6922 0
6923 1
6924 2
6925 0
6926 3
6927 5
6928 2
6929 4
6930 4
6931 2
6932 3
6933 2
6934 5
6935 1
6936 3
6937 1
6938 3
6939 1
6940 5
6941 0
6942 4
6943 5
6944 0
6945 1
6946 3
6947 5
6948 6
6949 4
6950 3
6951 1
6952 1
6953 5
6954 6
6955 0
6956 3
6957 3
6958 3
6959 0
6960 2
6961 3
6962 0
6963 3
6964 4
6965 1
6966 2
6967 6
6968 3
6969 6
6970 3
6971 4
6972 0
6973 1
6974 0
6975 3
6976 4
6977 3
6978 1
6979 5
6980 1
6981 4
6982 1
6983 0
6984 2
6985 2
6986 2
6987 3
6988 3
6989 4
6990 1
6991 2
6992 2
6993 3
6994 2
6995 2
6996 2
6997 3
6998 1
6999 4
7000 0
7001 4
7002 0
7003 3
7004 4
7005 0
7006 0
7007 4
7008 5
7009 4
7010 0
7011 1
7012 6
7013 0
7014 4
7015 2
7016 1
7017 0
7018 5
7019 4
7020 0
7021 2
7022 5
7023 4
7024 4
7025 4
7026 0
7027 5
7028 1
7029 3
7030 2
7031 1
7032 4
7033 0
7034 1
7035 3
7036 2
7037 4
7038 1
7039 1
7040 0
7041 0
7042 1
7043 3
7044 2
7045 2
7046 1
7047 2
7048 6
7049 3
7050 4
7051 4
7052 2
7053 4
7054 5
7055 1
7056 2
7057 2
7058 2
7059 0
7060 1
7061 1
7062 3
7063 4
7064 5
7065 3
7066 4
7067 4
7068 4
7069 6
7070 0
7071 0
7072 0
7073 5
7074 0
7075 6
7076 3
7077 2
7078 2
7079 4
7080 0
7081 0
7082 4
7083 5
7084 5
7085 4
7086 6
7087 5
7088 0
7089 1
7090 2
7091 0
7092 4
7093 0
7094 4
7095 1
7096 5
7097 6
7098 4
7099 1
7100 2
7101 1
7102 1
7103 3
7104 1
7105 3
7106 4
7107 0
7108 0
7109 4
7110 1
7111 3
7112 0
7113 6
7114 3
7115 6
7116 0
7117 1
7118 5
7119 1
7120 2
7121 2
7122 2
7123 2
7124 1
7125 4
7126 2
7127 0
7128 3
7129 6
7130 4
7131 2
7132 0
7133 4
7134 1
7135 3
7136 0
7137 3
7138 1
7139 4
7140 5
7141 2
7142 1
7143 5
7144 1
7145 1
7146 1
7147 5
7148 2
7149 3
7150 0
7151 2
7152 0
7153 4
7154 2
7155 2
7156 2
7157 2
7158 4
7159 5
7160 1
7161 1
7162 3
7163 4
7164 5
7165 4
7166 2
7167 1
7168 1
7169 1
7170 4
7171 4
7172 4
7173 1
7174 0
7175 1
7176 3
7177 2
7178 0
7179 1
7180 1
7181 1
7182 4
7183 4
7184 6
7185 2
7186 4
7187 1
7188 0
7189 2
7190 0
7191 5
7192 3
7193 1
7194 0
7195 1
7196 3
7197 5
7198 3
7199 1
7200 2
7201 1
7202 2
7203 0
7204 5
7205 2
7206 5
7207 1
7208 2
7209 1
7210 3
7211 5
7212 2
7213 4
7214 1
7215 6
7216 3
7217 4
7218 2
7219 4
7220 2
7221 1
7222 4
7223 5
7224 6
7225 4
7226 4
7227 1
7228 6
7229 3
7230 4
7231 2
7232 0
7233 0
7234 2
7235 5
7236 3
7237 2
7238 1
7239 4
7240 5
7241 3
7242 4
7243 5
7244 1
7245 3
7246 2
7247 2
7248 1
7249 2
7250 0
7251 2
7252 3
7253 3
7254 2
7255 4
7256 0
7257 5
7258 4
7259 4
7260 2
7261 2
7262 0
7263 5
7264 2
7265 3
7266 1
7267 0
7268 1
7269 2
7270 5
7271 0
7272 4
7273 1
7274 3
7275 2
7276 0
7277 0
7278 3
7279 4
7280 0
7281 3
7282 4
7283 2
7284 4
7285 3
7286 0
7287 3
7288 2
7289 1
7290 0
7291 4
7292 3
7293 3
7294 0
7295 3
7296 2
7297 0
7298 4
7299 1
7300 3
7301 0
7302 2
7303 2
7304 0
7305 1
7306 0
7307 2
7308 1
7309 1
7310 2
7311 0
7312 4
7313 0
7314 4
7315 3
7316 3
7317 2
7318 2
7319 2
7320 2
7321 0
7322 0
7323 4
7324 0
7325 2
7326 3
7327 5
7328 4
7329 2
7330 4
7331 1
7332 2
7333 4
7334 0
7335 5
7336 5
7337 4
7338 5
7339 0
7340 2
7341 2
7342 1
7343 1
7344 5
7345 5
7346 3
7347 3
7348 0
7349 2
7350 3
7351 3
7352 1
7353 2
7354 0
7355 2
7356 4
7357 4
7358 1
7359 5
7360 0
7361 4
7362 0
7363 4
7364 1
7365 4
7366 3
7367 1
7368 4
7369 4
7370 0
7371 2
7372 4
7373 0
7374 2
7375 1
7376 1
7377 0
7378 3
7379 4
7380 2
7381 5
7382 1
7383 3
7384 0
7385 4
7386 5
7387 0
7388 4
7389 0
7390 1
7391 3
7392 1
7393 2
7394 4
7395 0
7396 1
7397 2
7398 2
7399 2
7400 2
7401 3
7402 3
7403 4
7404 2
7405 0
7406 5
7407 2
7408 3
7409 2
7410 3
7411 6
7412 2
7413 0
7414 0
7415 2
7416 6
7417 1
7418 0
7419 4
7420 2
7421 0
7422 3
7423 3
7424 3
7425 4
7426 5
7427 3
7428 3
7429 1
7430 4
7431 2
7432 2
7433 5
7434 5
7435 3
7436 0
7437 4
7438 2
7439 3
7440 1
7441 0
7442 2
7443 3
7444 5
7445 1
7446 1
7447 3
7448 1
7449 2
7450 2
7451 3
7452 2
7453 4
7454 3
7455 4
7456 4
7457 3
7458 0
7459 3
7460 0
7461 0
7462 4
7463 1
7464 3
7465 4
7466 5
7467 4
7468 3
7469 0
7470 2
7471 0
7472 4
7473 1
7474 4
7475 2
7476 2
7477 5
7478 0
7479 2
7480 4
7481 1
7482 6
7483 0
7484 3
7485 1
7486 1
7487 2
7488 3
7489 2
7490 4
7491 0
7492 0
7493 2
7494 0
7495 5
7496 4
7497 5
7498 4
7499 6
7500 2
7501 1
7502 5
7503 4
7504 1
7505 1
7506 2
7507 3
7508 1
7509 3
7510 4
7511 2
7512 3
7513 0
7514 2
7515 4
7516 2
7517 0
7518 0
7519 3
7520 4
7521 3
7522 2
7523 3
7524 2
7525 1
7526 1
7527 0
7528 0
7529 2
7530 5
7531 1
7532 1
7533 3
7534 4
7535 0
7536 5
7537 4
7538 1
7539 4
7540 6
7541 1
7542 1
7543 6
7544 2
7545 4
7546 3
7547 1
7548 4
7549 1
7550 3
7551 0
7552 3
7553 0
7554 5
7555 3
7556 4
7557 3
7558 4
7559 2
7560 1
7561 0
7562 5
7563 5
7564 2
7565 4
7566 3
7567 2
7568 3
7569 2
7570 1
7571 5
7572 2
7573 3
7574 1
7575 3
7576 6
7577 3
7578 0
7579 3
7580 5
7581 0
7582 0
7583 1
7584 5
7585 0
7586 1
7587 4
7588 0
7589 1
7590 3
7591 1
7592 3
7593 3
7594 3
7595 0
7596 4
7597 1
7598 5
7599 1
7600 2
7601 5
7602 0
7603 4
7604 1
7605 4
7606 6
7607 7
7608 0
7609 0
7610 4
7611 1
7612 0
7613 4
7614 5
7615 0
7616 4
7617 1
7618 3
7619 1
7620 1
7621 2
7622 3
7623 2
7624 3
7625 1
7626 1
7627 3
7628 2
7629 6
7630 0
7631 3
7632 3
7633 2
7634 5
7635 4
7636 4
7637 4
7638 3
7639 1
7640 3
7641 2
7642 2
7643 3
7644 2
7645 5
7646 1
7647 3
7648 0
7649 5
7650 4
7651 2
7652 3
7653 4
7654 4
7655 6
7656 3
7657 5
7658 4
7659 5
7660 1
7661 1
7662 1
7663 2
7664 1
7665 2
7666 4
7667 4
7668 1
7669 2
7670 5
7671 1
7672 5
7673 0
7674 0
7675 2
7676 2
7677 4
7678 3
7679 2
7680 1
7681 0
7682 2
7683 1
7684 4
7685 2
7686 6
7687 2
7688 0
7689 0
7690 3
7691 3
7692 0
7693 0
7694 3
7695 1
7696 3
7697 3
7698 3
7699 2
7700 2
7701 2
7702 0
7703 1
7704 0
7705 3
7706 5
7707 0
7708 0
7709 1
7710 2
7711 3
7712 6
7713 1
7714 1
7715 0
7716 3
7717 0
7718 2
7719 1
7720 3
7721 0
7722 3
7723 0
7724 4
7725 5
7726 3
7727 1
7728 2
7729 1
7730 2
7731 4
7732 5
7733 1
7734 5
7735 6
7736 1
7737 4
7738 5
7739 2
7740 3
7741 5
7742 4
7743 3
7744 0
7745 0
7746 6
7747 3
7748 1
7749 5
7750 2
7751 5
7752 1
7753 2
7754 1
7755 1
7756 1
7757 4
7758 0
7759 5
7760 2
7761 3
7762 3
7763 2
7764 2
7765 3
7766 2
7767 1
7768 3
7769 2
7770 3
7771 3
7772 0
7773 0
7774 4
7775 5
7776 5
7777 3
7778 5
7779 4
7780 2
7781 1
7782 0
7783 1
7784 4
7785 4
7786 3
7787 3
7788 4
7789 3
7790 5
7791 0
7792 3
7793 5
7794 0
7795 3
7796 3
7797 0
7798 3
7799 3
7800 3
7801 2
7802 3
7803 4
7804 1
7805 0
7806 3
7807 1
7808 0
7809 1
7810 4
7811 0
7812 0
7813 0
7814 0
7815 0
7816 5
7817 1
7818 0
7819 5
7820 2
7821 1
7822 3
7823 2
7824 1
7825 1
7826 5
7827 0
7828 2
7829 2
7830 3
7831 5
7832 2
7833 5
7834 3
7835 3
7836 2
7837 3
7838 5
7839 5
7840 2
7841 1
7842 0
7843 2
7844 3
7845 1
7846 4
7847 0
7848 5
7849 3
7850 0
7851 2
7852 3
7853 3
7854 3
7855 3
7856 2
7857 4
7858 0
7859 2
7860 1
7861 4
7862 2
7863 1
7864 3
7865 1
7866 0
7867 1
7868 1
7869 3
7870 2
7871 3
7872 0
7873 1
7874 1
7875 4
7876 1
7877 3
7878 3
7879 0
7880 3
7881 5
7882 4
7883 4
7884 1
7885 4
7886 4
7887 1
7888 2
7889 0
7890 1
7891 5
7892 6
7893 4
7894 5
7895 3
7896 1
7897 5
7898 3
7899 3
7900 2
7901 1
7902 5
7903 2
7904 0
7905 4
7906 2
7907 3
7908 4
7909 2
7910 5
7911 5
7912 5
7913 5
7914 2
7915 5
7916 2
7917 3
7918 1
7919 2
7920 3
7921 4
7922 3
7923 4
7924 1
7925 1
7926 2
7927 4
7928 2
7929 2
7930 4
7931 0
7932 0
7933 6
7934 0
7935 0
7936 2
7937 2
7938 5
7939 2
7940 1
7941 3
7942 0
7943 0
7944 2
7945 4
7946 4
7947 2
7948 1
7949 4
7950 0
7951 2
7952 1
7953 1
7954 5
7955 6
7956 2
7957 3
7958 1
7959 2
7960 4
7961 0
7962 0
7963 1
7964 1
7965 4
7966 5
7967 5
7968 2
7969 4
7970 4
7971 3
7972 4
7973 4
7974 4
7975 4
7976 2
7977 2
7978 3
7979 5
7980 1
7981 4
7982 2
7983 0
7984 3
7985 1
7986 3
7987 2
7988 2
7989 5
7990 1
7991 4
7992 2
7993 2
7994 3
7995 3
7996 1
7997 0
7998 2
7999 0
8000 4
8001 2
8002 2
8003 6
8004 4
8005 5
8006 3
8007 4
8008 1
8009 5
8010 1
8011 1
8012 0
8013 2
8014 5
8015 3
8016 2
8017 1
8018 0
8019 1
8020 5
8021 3
8022 2
8023 0
8024 0
8025 4
8026 3
8027 0
8028 1
8029 5
8030 2
8031 5
8032 0
8033 0
8034 3
8035 3
8036 0
8037 2
8038 2
8039 1
8040 0
8041 1
8042 3
8043 0
8044 2
8045 0
8046 3
8047 2
8048 0
8049 3
8050 1
8051 3
8052 3
8053 3
8054 6
8055 3
8056 5
8057 4
8058 4
8059 4
8060 5
8061 0
8062 3
8063 2
8064 2
8065 2
8066 0
8067 1
8068 4
8069 2
8070 4
8071 2
8072 0
8073 0
8074 0
8075 5
8076 3
8077 1
8078 4
8079 3
8080 1
8081 4
8082 2
8083 1
8084 5
8085 1
8086 2
8087 4
8088 0
8089 4
8090 1
8091 1
8092 5
8093 0
8094 1
8095 6
8096 4
8097 0
8098 1
8099 3
8100 4
8101 6
8102 0
8103 2
8104 0
8105 4
8106 0
8107 3
8108 5
8109 3
8110 0
8111 4
8112 2
8113 5
8114 1
8115 3
8116 2
8117 1
8118 4
8119 5
8120 5
8121 6
8122 0
8123 0
8124 0
8125 4
8126 0
8127 0
8128 2
8129 4
8130 4
8131 5
8132 4
8133 5
8134 3
8135 4
8136 4
8137 0
8138 1
8139 1
8140 0
8141 0
8142 2
8143 4
8144 0
8145 6
8146 1
8147 6
8148 3
8149 5
8150 4
8151 0
8152 2
8153 2
8154 5
8155 2
8156 3
8157 4
8158 1
8159 0
8160 3
8161 1
8162 2
8163 4
8164 0
8165 1
8166 3
8167 3
8168 3
8169 2
8170 2
8171 4
8172 1
8173 4
8174 2
8175 0
8176 4
8177 1
8178 3
8179 5
8180 2
8181 1
8182 4
8183 4
8184 5
8185 3
8186 0
8187 2
8188 5
8189 3
8190 1
8191 0
8192 3
8193 0
8194 1
8195 0
8196 0
8197 2
8198 5
8199 4
8200 2
8201 3
8202 1
8203 5
8204 3
8205 2
8206 3
8207 3
8208 3
8209 1
8210 3
8211 1
8212 1
8213 4
8214 1
8215 3
8216 4
8217 5
8218 0
8219 3
8220 4
8221 0
8222 6
8223 4
8224 1
8225 4
8226 4
8227 1
8228 3
8229 4
8230 4
8231 1
8232 0
8233 0
8234 0
8235 4
8236 3
8237 4
8238 4
8239 4
8240 2
8241 4
8242 5
8243 3
8244 1
8245 5
8246 3
8247 0
8248 4
8249 0
8250 4
8251 1
8252 2
8253 5
8254 5
8255 2
8256 2
8257 0
8258 4
8259 1
8260 3
8261 4
8262 2
8263 1
8264 2
8265 3
8266 4
8267 5
8268 3
8269 3
8270 0
8271 1
8272 4
8273 2
8274 2
8275 3
8276 4
8277 3
8278 1
8279 0
8280 2
8281 5
8282 2
8283 3
8284 1
8285 4
8286 4
8287 3
8288 1
8289 0
8290 2
8291 0
8292 1
8293 0
8294 6
8295 2
8296 5
8297 0
8298 4
8299 1
8300 0
8301 4
8302 5
8303 2
8304 5
8305 5
8306 0
8307 2
8308 5
8309 2
8310 6
8311 4
8312 6
8313 3
8314 1
8315 0
8316 5
8317 1
8318 2
8319 5
8320 0
8321 3
8322 0
8323 4
8324 0
8325 3
8326 2
8327 3
8328 6
8329 3
8330 3
8331 3
8332 0
8333 2
8334 3
8335 0
8336 4
8337 2
8338 0
8339 5
8340 0
8341 0
8342 0
8343 4
8344 6
8345 4
8346 2
8347 5
8348 6
8349 0
8350 3
8351 2
8352 2
8353 5
8354 1
8355 1
8356 2
8357 4
8358 4
8359 4
8360 2
8361 2
8362 4
8363 1
8364 2
8365 6
8366 4
8367 0
8368 3
8369 3
8370 2
8371 0
8372 6
8373 0
8374 2
8375 5
8376 4
8377 5
8378 4
8379 0
8380 5
8381 3
8382 3
8383 1
8384 2
8385 4
8386 3
8387 5
8388 3
8389 2
8390 0
8391 2
8392 5
8393 3
8394 3
8395 3
8396 1
8397 0
8398 3
8399 1
8400 1
8401 1
8402 1
8403 1
8404 0
8405 5
8406 1
8407 5
8408 0
8409 6
8410 2
8411 4
8412 5
8413 2
8414 0
8415 4
8416 2
8417 5
8418 1
8419 1
8420 3
8421 2
8422 2
8423 2
8424 4
8425 3
8426 4
8427 1
8428 2
8429 1
8430 3
8431 1
8432 3
8433 2
8434 2
8435 0
8436 2
8437 0
8438 1
8439 2
8440 0
8441 1
8442 1
8443 4
8444 6
8445 1
8446 4
8447 0
8448 2
8449 5
8450 3
8451 2
8452 6
8453 2
8454 2
8455 2
8456 2
8457 1
8458 2
8459 3
8460 3
8461 4
8462 5
8463 1
8464 1
8465 2
8466 0
8467 2
8468 4
8469 3
8470 4
8471 1
8472 1
8473 1
8474 2
8475 0
8476 4
8477 2
8478 6
8479 0
8480 2
8481 3
8482 3
8483 2
8484 0
8485 4
8486 1
8487 0
8488 4
8489 1
8490 6
8491 1
8492 1
8493 2
8494 4
8495 5
8496 2
8497 0
8498 4
8499 5
8500 5
8501 2
8502 4
8503 3
8504 3
8505 4
8506 3
8507 0
8508 4
8509 4
8510 2
8511 6
8512 2
8513 0
8514 3
8515 4
8516 4
8517 0
8518 1
8519 2
8520 3
8521 0
8522 0
8523 1
8524 1
8525 5
8526 1
8527 4
8528 1
8529 3
8530 3
8531 5
8532 0
8533 3
8534 5
8535 2
8536 3
8537 2
8538 3
8539 3
8540 0
8541 3
8542 1
8543 2
8544 2
8545 3
8546 0
8547 4
8548 1
8549 1
8550 1
8551 0
8552 5
8553 0
8554 3
8555 3
8556 2
8557 0
8558 4
8559 4
8560 0
8561 3
8562 5
8563 0
8564 0
8565 5
8566 3
8567 3
8568 2
8569 4
8570 2
8571 3
8572 3
8573 0
8574 3
8575 5
8576 3
8577 6
8578 2
8579 1
8580 1
8581 4
8582 1
8583 5
8584 2
8585 3
8586 1
8587 0
8588 2
8589 1
8590 0
8591 5
8592 5
8593 5
8594 2
8595 4
8596 0
8597 3
8598 3
8599 2
8600 2
8601 5
8602 4
8603 3
8604 0
8605 0
8606 3
8607 1
8608 5
8609 2
8610 1
8611 1
8612 4
8613 3
8614 1
8615 3
8616 5
8617 1
8618 0
8619 0
8620 4
8621 1
8622 4
8623 2
8624 3
8625 4
8626 0
8627 5
8628 3
8629 5
8630 3
8631 5
8632 1
8633 4
8634 1
8635 4
8636 4
8637 2
8638 4
8639 6
8640 2
8641 3
8642 0
8643 5
8644 4
8645 4
8646 4
8647 6
8648 6
8649 5
8650 4
8651 3
8652 0
8653 2
8654 0
8655 1
8656 1
8657 1
8658 1
8659 2
8660 3
8661 0
8662 2
8663 0
8664 3
8665 4
8666 1
8667 1
8668 4
8669 0
8670 2
8671 4
8672 3
8673 3
8674 3
8675 5
8676 2
8677 5
8678 4
8679 3
8680 1
8681 1
8682 4
8683 2
8684 5
8685 3
8686 5
8687 2
8688 5
8689 5
8690 2
8691 5
8692 4
8693 1
8694 0
8695 1
8696 5
8697 4
8698 3
8699 4
8700 1
8701 0
8702 2
8703 5
8704 0
8705 3
8706 2
8707 5
8708 5
8709 1
8710 0
8711 0
8712 0
8713 0
8714 0
8715 5
8716 4
8717 2
8718 4
8719 3
8720 1
8721 0
8722 0
8723 2
8724 0
8725 2
8726 3
8727 5
8728 5
8729 5
8730 1
8731 1
8732 4
8733 2
8734 2
8735 3
8736 1
8737 5
8738 6
8739 3
8740 6
8741 0
8742 3
8743 5
8744 4
8745 1
8746 2
8747 0
8748 3
8749 4
8750 2
8751 4
8752 3
8753 3
8754 3
8755 1
8756 0
8757 1
8758 3
8759 2
8760 3
8761 1
8762 4
8763 5
8764 3
8765 5
8766 4
8767 3
8768 0
8769 2
8770 2
8771 4
8772 2
8773 4
8774 4
8775 2
8776 6
8777 4
8778 3
8779 1
8780 0
8781 5
8782 1
8783 4
8784 3
8785 3
8786 6
8787 5
8788 4
8789 0
8790 4
8791 4
8792 4
8793 0
8794 2
8795 0
8796 2
8797 3
8798 4
8799 4
8800 3
8801 5
8802 0
8803 2
8804 0
8805 6
8806 4
8807 3
8808 3
8809 5
8810 5
8811 6
8812 3
8813 1
8814 3
8815 2
8816 3
8817 4
8818 5
8819 4
8820 5
8821 3
8822 3
8823 1
8824 2
8825 3
8826 0
8827 1
8828 4
8829 4
8830 4
8831 5
8832 0
8833 0
8834 3
8835 2
8836 2
8837 3
8838 1
8839 4
8840 3
8841 1
8842 1
8843 3
8844 4
8845 0
8846 0
8847 1
8848 1
8849 2
8850 6
8851 0
8852 1
8853 2
8854 0
8855 0
8856 4
8857 3
8858 2
8859 6
8860 3
8861 3
8862 2
8863 0
8864 4
8865 6
8866 3
8867 0
8868 1
8869 6
8870 3
8871 2
8872 0
8873 1
8874 1
8875 2
8876 0
8877 3
8878 1
8879 5
8880 3
8881 4
8882 0
8883 4
8884 3
8885 1
8886 0
8887 1
8888 3
8889 0
8890 0
8891 2
8892 1
8893 2
8894 3
8895 1
8896 0
8897 3
8898 5
8899 3
8900 2
8901 5
8902 4
8903 3
8904 1
8905 4
8906 0
8907 3
8908 3
8909 3
8910 4
8911 0
8912 3
8913 3
8914 0
8915 2
8916 1
8917 4
8918 2
8919 1
8920 4
8921 3
8922 5
8923 2
8924 5
8925 1
8926 1
8927 3
8928 0
8929 0
8930 4
8931 3
8932 6
8933 0
8934 0
8935 3
8936 6
8937 3
8938 1
8939 2
8940 2
8941 0
8942 2
8943 3
8944 3
8945 2
8946 5
8947 1
8948 4
8949 1
8950 2
8951 1
8952 3
8953 0
8954 3
8955 0
8956 4
8957 3
8958 4
8959 3
8960 4
8961 4
8962 0
8963 0
8964 5
8965 3
8966 2
8967 4
8968 2
8969 2
8970 1
8971 3
8972 0
8973 3
8974 2
8975 3
8976 3
8977 0
8978 0
8979 5
8980 3
8981 6
8982 3
8983 4
8984 1
8985 4
8986 4
8987 1
8988 6
8989 0
8990 2
8991 5
8992 5
8993 0
8994 4
8995 1
8996 3
8997 3
8998 1
8999 5
9000 2
9001 0
9002 3
9003 4
9004 1
9005 3
9006 0
9007 3
9008 4
9009 0
9010 0
9011 4
9012 2
9013 2
9014 1
9015 0
9016 0
9017 0
9018 3
9019 0
9020 4
9021 5
9022 3
9023 0
9024 1
9025 2
9026 3
9027 4
9028 3
9029 0
9030 4
9031 1
9032 5
9033 3
9034 4
9035 1
9036 3
9037 0
9038 3
9039 4
9040 5
9041 0
9042 2
9043 4
9044 2
9045 3
9046 2
9047 5
9048 3
9049 6
9050 3
9051 3
9052 3
9053 5
9054 3
9055 0
9056 4
9057 5
9058 5
9059 4
9060 3
9061 3
9062 3
9063 5
9064 0
9065 3
9066 2
9067 4
9068 4
9069 0
9070 2
9071 3
9072 3
9073 3
9074 2
9075 3
9076 5
9077 4
9078 5
9079 3
9080 1
9081 4
9082 2
9083 0
9084 0
9085 4
9086 4
9087 6
9088 4
9089 4
9090 1
9091 3
9092 0
9093 4
9094 2
9095 0
9096 1
9097 1
9098 4
9099 1
9100 1
9101 3
9102 3
9103 4
9104 4
9105 0
9106 4
9107 0
9108 1
9109 0
9110 4
9111 3
9112 0
9113 0
9114 5
9115 2
9116 0
9117 4
9118 4
9119 3
9120 6
9121 3
9122 5
9123 0
9124 2
9125 0
9126 4
9127 3
9128 2
9129 3
9130 3
9131 3
9132 3
9133 2
9134 4
9135 0
9136 2
9137 0
9138 5
9139 4
9140 1
9141 1
9142 5
9143 1
9144 0
9145 4
9146 2
9147 5
9148 2
9149 0
9150 5
9151 2
9152 3
9153 0
9154 5
9155 1
9156 2
9157 1
9158 2
9159 6
9160 3
9161 4
9162 5
9163 1
9164 1
9165 0
9166 1
9167 4
9168 2
9169 2
9170 1
9171 2
9172 2
9173 4
9174 0
9175 3
9176 2
9177 1
9178 4
9179 1
9180 1
9181 2
9182 2
9183 2
9184 2
9185 3
9186 0
9187 1
9188 5
9189 1
9190 5
9191 1
9192 4
9193 4
9194 5
9195 4
9196 4
9197 2
9198 4
9199 2
9200 2
9201 2
9202 0
9203 1
9204 4
9205 2
9206 0
9207 4
9208 0
9209 3
9210 3
9211 2
9212 1
9213 4
9214 2
9215 3
9216 4
9217 1
9218 1
9219 4
9220 3
9221 2
9222 3
9223 0
9224 5
9225 5
9226 3
9227 3
9228 3
9229 5
9230 5
9231 1
9232 1
9233 1
9234 6
9235 3
9236 4
9237 1
9238 3
9239 3
9240 0
9241 0
9242 5
9243 0
9244 2
9245 2
9246 3
9247 1
9248 2
9249 5
9250 1
9251 3
9252 5
9253 2
9254 2
9255 6
9256 5
9257 4
9258 3
9259 3
9260 4
9261 2
9262 6
9263 0
9264 2
9265 2
9266 0
9267 4
9268 2
9269 2
9270 2
9271 4
9272 2
9273 1
9274 5
9275 0
9276 6
9277 0
9278 2
9279 0
9280 5
9281 3
9282 3
9283 1
9284 3
9285 3
9286 2
9287 5
9288 3
9289 6
9290 0
9291 1
9292 4
9293 0
9294 2
9295 3
9296 5
9297 0
9298 2
9299 1
9300 3
9301 5
9302 1
9303 0
9304 3
9305 4
9306 5
9307 2
9308 2
9309 4
9310 4
9311 4
9312 4
9313 4
9314 1
9315 2
9316 0
9317 4
9318 0
9319 1
9320 2
9321 5
9322 1
9323 4
9324 0
9325 1
9326 1
9327 1
9328 0
9329 1
9330 2
9331 2
9332 1
9333 1
9334 2
9335 4
9336 4
9337 0
9338 3
9339 5
9340 0
9341 3
9342 2
9343 0
9344 5
9345 4
9346 1
9347 2
9348 1
9349 5
9350 3
9351 2
9352 2
9353 1
9354 1
9355 1
9356 3
9357 0
9358 0
9359 5
9360 0
9361 5
9362 1
9363 1
9364 2
9365 0
9366 4
9367 6
9368 3
9369 7
9370 5
9371 1
9372 6
9373 3
9374 1
9375 1
9376 2
9377 3
9378 3
9379 0
9380 1
9381 4
9382 0
9383 4
9384 3
9385 2
9386 0
9387 5
9388 2
9389 1
9390 1
9391 6
9392 0
9393 3
9394 1
9395 2
9396 0
9397 2
9398 5
9399 3
9400 5
9401 2
9402 0
9403 2
9404 0
9405 3
9406 6
9407 1
9408 0
9409 5
9410 2
9411 2
9412 2
9413 5
9414 1
9415 1
9416 1
9417 2
9418 4
9419 6
9420 4
9421 4
9422 3
9423 2
9424 0
9425 1
9426 0
9427 2
9428 5
9429 5
9430 5
9431 3
9432 1
9433 3
9434 4
9435 0
9436 4
9437 1
9438 1
9439 2
9440 2
9441 0
9442 5
9443 2
9444 2
9445 0
9446 4
9447 0
9448 2
9449 0
9450 2
9451 1
9452 3
9453 2
9454 5
9455 2
9456 0
9457 5
9458 2
9459 1
9460 3
9461 3
9462 2
9463 0
9464 4
9465 3
9466 2
9467 1
9468 4
9469 0
9470 3
9471 0
9472 0
9473 2
9474 5
9475 4
9476 1
9477 4
9478 4
9479 3
9480 4
9481 3
9482 5
9483 3
9484 5
9485 2
9486 1
9487 4
9488 1
9489 5
9490 3
9491 5
9492 1
9493 1
9494 2
9495 3
9496 2
9497 2
9498 5
9499 0
9500 2
9501 2
9502 5
9503 4
9504 3
9505 0
9506 1
9507 0
9508 2
9509 5
9510 4
9511 4
9512 0
9513 5
9514 5
9515 4
9516 4
9517 0
9518 4
9519 3
9520 0
9521 3
9522 4
9523 1
9524 5
9525 5
9526 1
9527 1
9528 1
9529 5
9530 5
9531 3
9532 4
9533 4
9534 4
9535 0
9536 0
9537 1
9538 4
9539 5
9540 0
9541 3
9542 5
9543 4
9544 3
9545 6
9546 5
9547 2
9548 1
9549 2
9550 1
9551 1
9552 5
9553 0
9554 1
9555 4
9556 1
9557 1
9558 2
9559 2
9560 3
9561 1
9562 0
9563 2
9564 1
9565 5
9566 0
9567 1
9568 3
9569 5
9570 1
9571 0
9572 3
9573 4
9574 2
9575 5
9576 1
9577 0
9578 3
9579 5
9580 3
9581 1
9582 1
9583 3
9584 1
9585 1
9586 3
9587 2
9588 3
9589 4
9590 0
9591 6
9592 4
9593 2
9594 0
9595 2
9596 1
9597 4
9598 2
9599 2
9600 1
9601 1
9602 3
9603 1
9604 2
9605 0
9606 1
9607 3
9608 4
9609 1
9610 4
9611 3
9612 0
9613 3
9614 2
9615 3
9616 4
9617 1
9618 3
9619 0
9620 1
9621 4
9622 0
9623 1
9624 3
9625 0
9626 4
9627 1
9628 1
9629 3
9630 1
9631 1
9632 5
9633 3
9634 4
9635 0
9636 2
9637 4
9638 4
9639 1
9640 3
9641 0
9642 2
9643 0
9644 4
9645 5
9646 0
9647 1
9648 4
9649 5
9650 2
9651 3
9652 2
9653 2
9654 3
9655 1
9656 4
9657 0
9658 2
9659 5
9660 1
9661 4
9662 5
9663 1
9664 3
9665 2
9666 1
9667 4
9668 2
9669 2
9670 2
9671 2
9672 1
9673 2
9674 2
9675 2
9676 3
9677 1
9678 1
9679 5
9680 4
9681 4
9682 4
9683 5
9684 4
9685 1
9686 5
9687 2
9688 4
9689 0
9690 2
9691 1
9692 3
9693 6
9694 5
9695 5
9696 3
9697 0
9698 2
9699 4
9700 5
9701 1
9702 2
9703 3
9704 1
9705 2
9706 2
9707 0
9708 2
9709 2
9710 5
9711 2
9712 1
9713 4
9714 4
9715 0
9716 3
9717 1
9718 1
9719 0
9720 4
9721 2
9722 0
9723 3
9724 5
9725 5
9726 2
9727 0
9728 1
9729 0
9730 1
9731 4
9732 3
9733 1
9734 0
9735 0
9736 0
9737 3
9738 5
9739 0
9740 2
9741 5
9742 1
9743 1
9744 0
9745 5
9746 3
9747 5
9748 0
9749 4
9750 3
9751 3
9752 1
9753 3
9754 0
9755 2
9756 2
9757 0
9758 5
9759 0
9760 3
9761 0
9762 3
9763 4
9764 0
9765 2
9766 1
9767 3
9768 2
9769 4
9770 2
9771 1
9772 1
9773 4
9774 1
9775 2
9776 1
9777 0
9778 0
9779 2
9780 0
9781 2
9782 4
9783 3
9784 2
9785 0
9786 1
9787 1
9788 3
9789 2
9790 3
9791 2
9792 2
9793 4
9794 5
9795 5
9796 2
9797 0
9798 4
9799 4
9800 5
9801 1
9802 2
9803 3
9804 2
9805 4
9806 3
9807 0
9808 2
9809 3
9810 4
9811 2
9812 0
9813 0
9814 5
9815 0
9816 4
9817 1
9818 2
9819 2
9820 5
9821 4
9822 3
9823 4
9824 0
9825 1
9826 4
9827 3
9828 4
9829 2
9830 2
9831 0
9832 2
9833 6
9834 1
9835 2
9836 3
9837 0
9838 3
9839 2
9840 4
9841 1
9842 5
9843 2
9844 5
9845 2
9846 5
9847 1
9848 2
9849 2
9850 0
9851 2
9852 1
9853 4
9854 0
9855 2
9856 0
9857 4
9858 2
9859 1
9860 3
9861 3
9862 4
9863 3
9864 0
9865 2
9866 2
9867 1
9868 2
9869 6
9870 3
9871 3
9872 2
9873 5
9874 5
9875 4
9876 3
9877 1
9878 1
9879 0
9880 0
9881 2
9882 3
9883 2
9884 4
9885 2
9886 3
9887 5
9888 2
9889 5
9890 1
9891 2
9892 3
9893 3
9894 4
9895 0
9896 2
9897 3
9898 5
9899 2
9900 0
9901 0
9902 2
9903 0
9904 4
9905 3
9906 6
9907 3
9908 1
9909 2
9910 3
9911 0
9912 4
9913 4
9914 1
9915 4
9916 0
9917 5
9918 0
9919 0
9920 0
9921 6
9922 3
9923 4
9924 3
9925 3
9926 4
9927 4
9928 6
9929 2
9930 2
9931 3
9932 6
9933 2
9934 0
9935 0
9936 4
9937 0
9938 4
9939 3
9940 0
9941 0
9942 0
9943 3
9944 3
9945 2
9946 0
9947 5
9948 4
9949 4
9950 5
9951 4
9952 2
9953 1
9954 4
9955 3
9956 0
9957 1
9958 2
9959 1
9960 4
9961 2
9962 1
9963 0
9964 1
9965 3
9966 4
9967 3
9968 6
9969 5
9970 0
9971 2
9972 2
9973 4
9974 0
9975 5
9976 5
9977 2
9978 2
9979 2
9980 0
9981 4
9982 3
9983 5
9984 0
9985 4
9986 4
9987 4
9988 0
9989 5
9990 2
9991 4
9992 5
9993 5
9994 3
9995 3
9996 5
9997 2
9998 6
9999 3
Colors used: 8
Correctness: Valid
Execution time: 20 ms