100 250
0 6 12 34 32 26 36 75 66 98 69 59 74 23
1 5 4 70 27 30 52 74 65 94 90 65
2 3 38 4 55 41 83 9
3 11 4 23 13 52 16 29 24 2 44 13 50 85 52 22 65 62 70 16 89 59 90 46
4 12 1 70 3 23 7 26 28 91 46 64 52 47 55 19 60 10 65 27 66 59 71 78 73 74
5 5 38 5 67 43 79 10 82 23 96 69
6 3 10 57 16 49 63 34
7 4 4 26 9 12 45 19 85 100
8 2 42 18 67 31
9 4 7 12 31 94 67 70 91 87
10 2 6 57 73 4
11 5 18 87 54 76 77 73 94 2 98 88
12 3 0 34 69 36 73 49
13 4 3 52 48 54 74 22 90 82
14 7 24 62 30 8 32 47 43 92 65 40 85 31 97 40
15 3 19 13 31 91 60 57
16 4 3 29 6 49 31 35 90 83
17 8 19 35 20 64 31 80 37 58 65 83 71 71 82 3 92 1
18 5 11 87 19 26 30 47 69 69 98 78
19 5 15 13 17 35 18 26 51 72 74 94
20 6 17 64 25 62 43 20 44 33 52 65 86 12
21 3 41 58 48 90 61 95
22 5 35 44 42 51 51 98 52 9 71 62
23 2 58 27 74 70
24 4 3 2 14 62 53 3 55 12
25 7 20 62 28 100 50 71 61 35 68 51 85 57 94 26
26 3 35 65 39 34 61 92
27 8 1 30 29 22 36 19 41 17 49 97 71 29 72 91 92 66
28 4 4 91 25 100 43 94 64 41
29 2 27 22 91 77
30 5 14 8 18 47 37 56 78 6 91 62
31 8 9 94 15 91 16 35 17 80 49 18 56 69 67 68 91 15
32 5 0 26 14 47 55 21 81 35 98 55
33 2 45 31 77 45
34 4 39 64 61 58 84 84 88 74
35 2 22 44 26 65
36 5 0 75 27 19 45 67 60 43 94 37
37 8 17 58 30 56 50 32 60 52 72 40 75 45 85 24 99 49
38 8 2 4 5 5 51 76 55 36 68 43 78 39 81 50 99 75
39 6 26 34 34 64 40 56 48 27 74 24 84 92
40 5 39 56 42 76 62 56 89 68 94 77
41 4 21 58 27 17 50 34 77 73
42 6 8 18 22 51 40 76 45 68 64 5 78 71
43 7 14 92 20 20 28 94 55 70 79 50 83 83 97 11
44 6 3 13 20 33 65 95 78 90 86 86 95 35
45 9 7 19 33 31 36 67 42 68 59 54 71 2 78 94 83 15 98 5
46 2 4 64 47 73
47 3 46 73 57 69 73 63
48 7 13 54 21 90 39 27 53 71 59 38 73 29 77 17
49 4 27 97 31 18 52 52 84 71
50 6 3 85 25 71 37 32 41 34 67 24 81 80
51 4 19 72 22 98 38 76 80 40
52 8 1 74 3 22 4 47 20 65 22 9 49 52 71 38 93 28
53 4 24 3 48 71 80 36 97 26
54 3 11 76 69 59 89 20
55 7 2 41 4 19 24 12 32 21 38 36 43 70 70 65
56 2 31 69 95 60
57 3 47 69 64 60 98 19
58 3 23 27 68 30 93 49
59 3 45 54 48 38 80 78
60 8 4 10 15 57 36 43 37 52 62 30 72 87 82 86 85 61
61 5 21 95 25 35 26 92 34 58 96 69
62 5 40 56 60 30 84 61 85 55 90 73
63 3 6 34 74 24 83 98
64 5 28 41 42 5 57 60 74 85 80 64
65 7 1 94 3 62 4 27 14 40 17 83 44 95 82 63
66 4 0 98 4 59 80 53 82 26
67 6 5 43 8 31 9 70 31 68 50 24 85 91
68 3 25 51 38 43 58 30
69 8 0 59 12 36 18 69 54 59 72 50 73 78 77 72 83 23
70 4 3 16 55 65 97 52 99 62
71 8 4 78 17 71 22 62 27 29 45 2 52 38 85 84 93 80
72 4 27 91 37 40 60 87 69 50
73 8 4 74 10 4 12 49 47 63 48 29 69 78 81 93 89 27
74 8 0 23 13 22 19 94 23 70 39 24 63 24 64 85 85 64
75 3 37 45 76 23 81 67
76 3 75 23 80 85 82 44
77 5 11 73 33 45 41 73 48 17 69 72
78 6 30 6 38 39 42 71 44 90 45 94 95 16
79 2 5 10 43 50
80 6 51 40 53 36 59 78 64 64 66 53 76 85
81 5 32 35 38 50 50 80 73 93 75 67
82 9 5 23 17 3 60 86 65 63 66 26 76 44 83 59 87 34 92 25
83 8 2 9 43 83 45 15 63 98 69 23 82 59 94 6 99 28
84 5 34 84 39 92 49 71 62 61 91 4
85 10 7 100 14 31 25 57 37 24 60 61 62 55 67 91 71 84 74 64 88 24
86 3 20 12 44 86 95 75
87 2 82 34 98 42
88 2 34 74 85 24
89 6 3 59 40 68 54 20 73 27 90 67 92 55
90 7 1 65 3 46 13 82 16 83 62 73 89 67 93 65
91 5 9 87 29 77 30 62 31 15 84 4
92 4 17 1 27 66 82 25 89 55
93 4 52 28 58 49 71 80 90 65
94 5 11 2 25 26 36 37 40 77 83 6
95 4 44 35 56 60 78 16 86 75
96 2 5 69 61 69
97 4 14 40 43 11 53 26 70 52
98 6 11 88 18 78 32 55 45 5 57 19 87 42
99 4 37 49 38 75 70 62 83 28
